       -0.168640692226908E+001         0.551951995009844E-017
       -0.629514886399396E-017         0.178791714506438E-016
       -0.260208521396521E-017        -0.311284608115955E-019
       -0.826704156520197E-017        -0.116594085189554E-017
       -0.700496247379306E-018         0.566433431141612E-018
       -0.290295131682994E-016        -0.210978966502101E-016
       -0.608508469307489E-017        -0.667165500904850E-017
        0.561887775890613E-016        -0.524143987760961E-017
       -0.807391805322799E-017        -0.910009846882658E-017
       -0.168640692226907E+001        -0.833116280340388E-017
        0.417417836406919E-017         0.143995601033231E-018
       -0.166823138961734E-017         0.247714785424520E-017
        0.867361737988404E-017         0.563785129692462E-017
       -0.241777084464267E-016         0.211622711542014E-016
       -0.243945488809238E-017        -0.179028883731669E-016
        0.216840434497101E-017        -0.694270555216987E-017
       -0.922249472970482E-017         0.357056151003210E-017
        0.433680868994202E-018         0.905901737088474E-018
       -0.151520759354799E+001        -0.978853991654945E-017
       -0.119262238973405E-017        -0.624263282126419E-018
        0.136880524276295E-017         0.688944835561125E-017
        0.269695290405769E-016         0.978899036482850E-016
       -0.488975179790962E-016         0.418095462764723E-016
       -0.117229359899995E-015        -0.525075724002941E-017
        0.425549352700560E-017        -0.538882361043186E-017
       -0.212562918113467E-017        -0.102359696510946E-016
        0.601732205729455E-017         0.389338694205439E-017
       -0.168640692226907E+001        -0.912262925140498E-019
        0.193801138331784E-016         0.252161708397605E-017
        0.188786703284038E-016        -0.350163420394928E-017
       -0.447775497236513E-016        -0.217145366358112E-016
        0.132164244825983E-015         0.970360944374526E-017
        0.618334051495639E-019        -0.691456817645327E-019
        0.365918233213858E-017         0.163138545641178E-017
       -0.215485181781494E-017        -0.104842561837585E-016
        0.199560962373113E-016         0.590381964236247E-018
       -0.151520759354799E+001        -0.100104625487301E-016
       -0.384891771232354E-017        -0.820198943485284E-016
        0.265629532258949E-017        -0.168008985087890E-017
        0.228549817959944E-015         0.385230584411256E-016
        0.327971157176865E-017         0.472898494452076E-016
        0.230392961653170E-016         0.115196480826585E-016
        0.809899022846672E-016        -0.235813972515597E-016
        0.154498809579184E-017        -0.503561087142682E-017
       -0.290566182226115E-016         0.458075417875126E-017
       -0.287085313140883E+001         0.169781536860445E-016
       -0.607153216591882E-017         0.405627137781139E-016
       -0.300188476506924E-016        -0.138337420945572E-016
       -0.575982404132924E-017        -0.527039781649387E-017
       -0.159919820441612E-016        -0.212910201621841E-016
        0.294360889829814E-016         0.459362907954952E-016
       -0.242319185550510E-016        -0.876509693818750E-017
       -0.899887803162969E-017         0.581276360053264E-017
       -0.115359111152458E-015         0.316451509094207E-016
       -0.287085313140883E+001         0.169781536860445E-016
        0.917235037922737E-016         0.126038502551440E-015
       -0.242590236093632E-016         0.547081639972608E-016
       -0.124683249835833E-017         0.268340037690162E-017
        0.111130722679764E-016        -0.306545458776068E-016
        0.161546123700340E-015         0.387602276663568E-017
        0.171520783687207E-015         0.133748196437349E-015
       -0.385975973404840E-016        -0.207425663288369E-016
        0.784962372879505E-016        -0.622738622821362E-017
       -0.287085313140883E+001         0.108998452565476E-016
 
