#   2  -3.1452617      247       33        8        1        1        8
#    0.0000000   0.0000000   0.0000000
       0.0000000       -2.9682189       -2.9682189       -2.9682189       -1.6856209       -1.6856209       -1.6856209       -1.5172549       -1.5172549  
#    0.0212766   0.0000000   0.0000000
       0.0212766       -2.9872911       -2.9731878       -2.9731878       -1.6865984       -1.6802922       -1.6802922       -1.5168351       -1.4996605  
#    0.0425532   0.0000000   0.0000000
       0.0425532       -3.0417789       -2.9878037       -2.9878037       -1.6895281       -1.6646061       -1.6646061       -1.5155775       -1.4496056  
#    0.0638298   0.0000000   0.0000000
       0.0638298       -3.1250856       -3.0112587       -3.0112587       -1.6944021       -1.6393975       -1.6393975       -1.5134875       -1.3736853  
#    0.0851064   0.0000000   0.0000000
       0.0851064       -3.2297345       -3.0423919       -3.0423919       -1.7012069       -1.6058719       -1.6058719       -1.5105740       -1.2793736  
#    0.1063830   0.0000000   0.0000000
       0.1063830       -3.3496513       -3.0798816       -3.0798816       -1.7099234       -1.5654125       -1.5654125       -1.5068494       -1.1732370  
#    0.1276596   0.0000000   0.0000000
       0.1276596       -3.4815795       -3.1224049       -3.1224049       -1.7205265       -1.5194193       -1.5194193       -1.5023296       -1.0611209  
#    0.1489362   0.0000000   0.0000000
       0.1489362       -3.6240460       -3.1687391       -3.1687391       -1.7329847       -1.4970340       -1.4692067       -1.4692067       -0.9486168  
#    0.1702128   0.0000000   0.0000000
       0.1702128       -3.7767922       -3.2178100       -3.2178100       -1.7472602       -1.4909851       -1.4159535       -1.4159535       -0.8414153  
#    0.1914894   0.0000000   0.0000000
       0.1914894       -3.9399853       -3.2687021       -3.2687021       -1.7633077       -1.4842090       -1.3606904       -1.3606904       -0.7450161  
#    0.2127660   0.0000000   0.0000000
       0.2127660       -4.1134986       -3.3206498       -3.3206498       -1.7810748       -1.4767349       -1.3043078       -1.3043078       -0.6638944  
#    0.2340426   0.0000000   0.0000000
       0.2340426       -4.2963343       -3.3730182       -3.3730182       -1.8005012       -1.4685949       -1.2475713       -1.2475713       -0.6005133  
#    0.2553191   0.0000000   0.0000000
       0.2553191       -4.4862425       -3.4252838       -3.4252838       -1.8215186       -1.4598243       -1.1911393       -1.1911393       -0.5546593  
#    0.2765957   0.0000000   0.0000000
       0.2765957       -4.6796551       -3.4770155       -3.4770155       -1.8440505       -1.4504610       -1.1355793       -1.1355793       -0.5234866  
#    0.2978723   0.0000000   0.0000000
       0.2978723       -4.8720760       -3.5278583       -3.5278583       -1.8680120       -1.4405459       -1.0813810       -1.0813810       -0.5023714  
#    0.3191489   0.0000000   0.0000000
       0.3191489       -5.0589142       -3.5775205       -3.5775205       -1.8933096       -1.4301221       -1.0289664       -1.0289664       -0.4862917  
#    0.3404255   0.0000000   0.0000000
       0.3404255       -5.2364483       -3.6257631       -3.6257631       -1.9198418       -1.4192353       -0.9786977       -0.9786977       -0.4711594  
#    0.3617021   0.0000000   0.0000000
       0.3617021       -5.4024558       -3.6723909       -3.6723909       -1.9474988       -1.4079333       -0.9308833       -0.9308833       -0.4545707  
#    0.3829787   0.0000000   0.0000000
       0.3829787       -5.5562429       -3.7172464       -3.7172464       -1.9761632       -1.3962659       -0.8857810       -0.8857810       -0.4358163  
#    0.4042553   0.0000000   0.0000000
       0.4042553       -5.6981944       -3.7602040       -3.7602040       -2.0057104       -1.3842847       -0.8436015       -0.8436015       -0.4153823  
#    0.4255319   0.0000000   0.0000000
       0.4255319       -5.8291821       -3.8011664       -3.8011664       -2.0360092       -1.3720428       -0.8045103       -0.8045103       -0.3943221  
#    0.4468085   0.0000000   0.0000000
       0.4468085       -5.9501129       -3.8400607       -3.8400607       -2.0669226       -1.3595946       -0.7686289       -0.7686289       -0.3737713  
#    0.4680851   0.0000000   0.0000000
       0.4680851       -6.0617019       -3.8768360       -3.8768360       -2.0983085       -1.3469959       -0.7360364       -0.7360364       -0.3546936  
#    0.4893617   0.0000000   0.0000000
       0.4893617       -6.1644272       -3.9114610       -3.9114610       -2.1300207       -1.3343029       -0.7067707       -0.7067707       -0.3378105  
#    0.5106383   0.0000000   0.0000000
       0.5106383       -6.2585763       -3.9439223       -3.9439223       -2.1619100       -1.3215728       -0.6808298       -0.6808298       -0.3236298  
#    0.5319149   0.0000000   0.0000000
       0.5319149       -6.3443198       -3.9742228       -3.9742228       -2.1938248       -1.3088627       -0.6581737       -0.6581737       -0.3125037  
#    0.5531915   0.0000000   0.0000000
       0.5531915       -6.4217762       -4.0023801       -4.0023801       -2.2256126       -1.2962300       -0.6387257       -0.6387257       -0.3046801  
#    0.5744681   0.0000000   0.0000000
       0.5744681       -6.4910592       -4.0284254       -4.0284254       -2.2571209       -1.2837319       -0.6223753       -0.6223753       -0.3003359  
#    0.5957447   0.0000000   0.0000000
       0.5957447       -6.5523076       -4.0524026       -4.0524026       -2.2881983       -1.2714250       -0.6089805       -0.6089805       -0.2995940  
#    0.6170213   0.0000000   0.0000000
       0.6170213       -6.6057049       -4.0743668       -4.0743668       -2.3186950       -1.2593651       -0.5983708       -0.5983708       -0.3025255  
#    0.6382979   0.0000000   0.0000000
       0.6382979       -6.6514890       -4.0943830       -4.0943830       -2.3484645       -1.2476069       -0.5903505       -0.5903505       -0.3091462  
#    0.6595745   0.0000000   0.0000000
       0.6595745       -6.6899594       -4.1125258       -4.1125258       -2.3773640       -1.2362038       -0.5847023       -0.5847023       -0.3194084  
#    0.6808511   0.0000000   0.0000000
       0.6808511       -6.7214799       -4.1288773       -4.1288773       -2.4052555       -1.2252077       -0.5811911       -0.5811911       -0.3331910  
#    0.7021277   0.0000000   0.0000000
       0.7021277       -6.7464801       -4.1435265       -4.1435265       -2.4320063       -1.2146685       -0.5795679       -0.5795679       -0.3502898  
#    0.7234043   0.0000000   0.0000000
       0.7234043       -6.7654545       -4.1565675       -4.1565675       -2.4574897       -1.2046339       -0.5795740       -0.5795740       -0.3704094  
#    0.7446809   0.0000000   0.0000000
       0.7446809       -6.7789598       -4.1680985       -4.1680985       -2.4815861       -1.1951496       -0.5809450       -0.5809450       -0.3931577  
#    0.7659574   0.0000000   0.0000000
       0.7659574       -6.7876094       -4.1782201       -4.1782201       -2.5041827       -1.1862584       -0.5834151       -0.5834151       -0.4180453  
#    0.7872340   0.0000000   0.0000000
       0.7872340       -6.7920664       -4.1870337       -4.1870337       -2.5251747       -1.1780005       -0.5867212       -0.5867212       -0.4444882  
#    0.8085106   0.0000000   0.0000000
       0.8085106       -6.7930330       -4.1946400       -4.1946400       -2.5444653       -1.1704132       -0.5906070       -0.5906070       -0.4718172  
#    0.8297872   0.0000000   0.0000000
       0.8297872       -6.7912374       -4.2011369       -4.2011369       -2.5619662       -1.1635305       -0.5948266       -0.5948266       -0.4992935  
#    0.8510638   0.0000000   0.0000000
       0.8510638       -6.7874177       -4.2066185       -4.2066185       -2.5775979       -1.1573834       -0.5991487       -0.5991487       -0.5261292  
#    0.8723404   0.0000000   0.0000000
       0.8723404       -6.7823030       -4.2111724       -4.2111724       -2.5912895       -1.1519994       -0.6033598       -0.6033598       -0.5515146  
#    0.8936170   0.0000000   0.0000000
       0.8936170       -6.7765915       -4.2148789       -4.2148789       -2.6029796       -1.1474026       -0.6072677       -0.6072677       -0.5746486  
#    0.9148936   0.0000000   0.0000000
       0.9148936       -6.7709287       -4.2178090       -4.2178090       -2.6126159       -1.1436133       -0.6107041       -0.6107041       -0.5947731  
#    0.9361702   0.0000000   0.0000000
       0.9361702       -6.7658831       -4.2200229       -4.2200229       -2.6201555       -1.1406485       -0.6135279       -0.6135279       -0.6112073  
#    0.9574468   0.0000000   0.0000000
       0.9574468       -6.7619246       -4.2215688       -4.2215688       -2.6255648       -1.1385214       -0.6233813       -0.6156267       -0.6156267  
#    0.9787234   0.0000000   0.0000000
       0.9787234       -6.7594043       -4.2224821       -4.2224821       -2.6288200       -1.1372414       -0.6308647       -0.6169190       -0.6169190  
#    1.0000000   0.0000000   0.0000000
       1.0000000       -6.7585396       -4.2227841       -4.2227841       -2.6299066       -1.1368141       -0.6333894       -0.6173553       -0.6173553  
#    1.0000000   0.0208333   0.0000000
       1.0208333       -6.7571576       -4.2314423       -4.2307894       -2.6211330       -1.1310172       -0.6320735       -0.6175822       -0.6173528  
#    1.0000000   0.0416667   0.0000000
       1.0416667       -6.7530107       -4.2568052       -4.2544372       -2.5954332       -1.1141020       -0.6280191       -0.6182744       -0.6173454  
#    1.0000000   0.0625000   0.0000000
       1.0625000       -6.7460968       -4.2972162       -4.2926770       -2.5544913       -1.0874491       -0.6208971       -0.6194664       -0.6173332  
#    1.0000000   0.0833333   0.0000000
       1.0833333       -6.7364126       -4.3504005       -4.3439172       -2.5006280       -1.0532203       -0.6212152       -0.6173165       -0.6101348  
#    1.0000000   0.1041667   0.0000000
       1.1041667       -6.7239534       -4.4139138       -4.4062117       -2.4363502       -1.0141752       -0.6236002       -0.6172954       -0.5949060  
#    1.0000000   0.1250000   0.0000000
       1.1250000       -6.7087134       -4.4854597       -4.4774450       -2.3640331       -0.9734180       -0.6267221       -0.6172705       -0.5741926  
#    1.0000000   0.1458333   0.0000000
       1.1458333       -6.6906859       -4.5630437       -4.5554842       -2.2857643       -0.9340231       -0.6307023       -0.6172420       -0.5469975  
#    1.0000000   0.1666667   0.0000000
       1.1666667       -6.6698636       -4.6450103       -4.6382833       -2.2033054       -0.8985178       -0.6356816       -0.6172105       -0.5127506  
#    1.0000000   0.1875000   0.0000000
       1.1875000       -6.6462387       -4.7300175       -4.7239455       -2.1181146       -0.8683890       -0.6418187       -0.6171765       -0.4717332  
#    1.0000000   0.2083333   0.0000000
       1.2083333       -6.6198033       -4.8169883       -4.8107518       -2.0313941       -0.8439391       -0.6492888       -0.6171407       -0.4251882  
#    1.0000000   0.2291667   0.0000000
       1.2291667       -6.5905497       -4.9050590       -4.8971667       -1.9441376       -0.8246040       -0.6582812       -0.6171035       -0.3749955  
#    1.0000000   0.2500000   0.0000000
       1.2500000       -6.5584707       -4.9935347       -4.9818315       -1.8571731       -0.8094506       -0.6689975       -0.6170657       -0.3231811  
#    1.0000000   0.2708333   0.0000000
       1.2708333       -6.5235602       -5.0818526       -5.0635513       -1.7711967       -0.7975452       -0.6816484       -0.6170279       -0.2715668  
#    1.0000000   0.2916667   0.0000000
       1.2916667       -6.4858136       -5.1695528       -5.1412795       -1.6867971       -0.7881148       -0.6964515       -0.6169908       -0.2216310  
#    1.0000000   0.3125000   0.0000000
       1.3125000       -6.4452280       -5.2562572       -5.2141032       -1.6044755       -0.7805737       -0.7136276       -0.6169549       -0.1745063  
#    1.0000000   0.3333333   0.0000000
       1.3333333       -6.4018033       -5.3416519       -5.2812291       -1.5246584       -0.7744965       -0.7333975       -0.6169210       -0.1310311  
#    1.0000000   0.3541667   0.0000000
       1.3541667       -6.3555423       -5.4254750       -5.3419726       -1.4477072       -0.7695803       -0.7559783       -0.6168895       -0.0918110  
#    1.0000000   0.3750000   0.0000000
       1.3750000       -6.3064513       -5.5075068       -5.3957475       -1.3739254       -0.7815798       -0.7656109       -0.6168610       -0.0572752  
#    1.0000000   0.3958333   0.0000000
       1.3958333       -6.2545412       -5.5875619       -5.4420585       -1.3035629       -0.8104002       -0.7624370       -0.6168360       -0.0277207  
#    1.0000000   0.4166667   0.0000000
       1.4166667       -6.1998278       -5.6654839       -5.4804952       -1.2368201       -0.8426227       -0.7599526       -0.6168150       -0.0033486  
#    1.0000000   0.4375000   0.0000000
       1.4375000       -6.1423328       -5.7411403       -5.5107271       -1.1738498       -0.8784110       -0.7580839       -0.6167982        0.0157093  
#    1.0000000   0.4583333   0.0000000
       1.4583333       -6.0820846       -5.8144190       -5.5325006       -1.1147599       -0.9179057       -0.7567807       -0.6167861        0.0293696  
#    1.0000000   0.4791667   0.0000000
       1.4791667       -6.0191191       -5.8852258       -5.5456362       -1.0596156       -0.9612211       -0.7560108       -0.6167787        0.0375829  
#    1.0000000   0.5000000   0.0000000
       1.5000000       -5.9534813       -5.9534813       -5.5500265       -1.0084408       -1.0084408       -0.7557561       -0.6167762        0.0403233  
#    0.9852941   0.5147059   0.0000000
       1.5207973       -5.9995234       -5.9136768       -5.5415922       -1.0456295       -0.9748002       -0.7527244       -0.6165399        0.0405846  
#    0.9705882   0.5294118   0.0000000
       1.5415945       -6.0430805       -5.8906551       -5.5147975       -1.0869335       -0.9433950       -0.7441412       -0.6158082        0.0412817  
#    0.9558824   0.5441176   0.0000000
       1.5623918       -6.0840928       -5.8835109       -5.4711180       -1.1311458       -0.9143223       -0.7308139       -0.6145495        0.0422846  
#    0.9411765   0.5588235   0.0000000
       1.5831890       -6.1225055       -5.8878195       -5.4155619       -1.1771775       -0.8876662       -0.7135101       -0.6127389        0.0434691  
#    0.9264706   0.5735294   0.0000000
       1.6039863       -6.1582680       -5.8989578       -5.3533481       -1.2240719       -0.8634927       -0.6929458       -0.6103642        0.0447209  
#    0.9117647   0.5882353   0.0000000
       1.6247835       -6.1913342       -5.9136475       -5.2883628       -1.2709740       -0.8418420       -0.6698155       -0.6074332        0.0459392  
#    0.8970588   0.6029412   0.0000000
       1.6455808       -6.2216620       -5.9298451       -5.2232678       -1.3170962       -0.8227195       -0.6448219       -0.6039832        0.0470391  
#    0.8823529   0.6176471   0.0000000
       1.6663781       -6.2492136       -5.9462957       -5.1599448       -1.3616941       -0.8060877       -0.6186954       -0.6000895        0.0479542  
#    0.8676471   0.6323529   0.0000000
       1.6871753       -6.2739549       -5.9622033       -5.0998201       -1.4040518       -0.7918614       -0.5958700       -0.5922001        0.0486391  
#    0.8529412   0.6470588   0.0000000
       1.7079726       -6.2958556       -5.9770397       -5.0440508       -1.4434764       -0.7799101       -0.5914836       -0.5661308        0.0490718  
#    0.8382353   0.6617647   0.0000000
       1.7287698       -6.3148893       -5.9904375       -4.9936214       -1.4792996       -0.7700680       -0.5871205       -0.5413013        0.0492562  
#    0.8235294   0.6764706   0.0000000
       1.7495671       -6.3310331       -6.0021325       -4.9493893       -1.5108863       -0.7621496       -0.5829866       -0.5185240        0.0492229  
#    0.8088235   0.6911765   0.0000000
       1.7703644       -6.3442677       -6.0119298       -4.9121023       -1.5376484       -0.7559684       -0.5792848       -0.4985841        0.0490276  
#    0.7941176   0.7058824   0.0000000
       1.7911616       -6.3545775       -6.0196857       -4.8823975       -1.5590631       -0.7513539       -0.5761991       -0.4822053        0.0487458  
#    0.7794118   0.7205882   0.0000000
       1.8119589       -6.3619504       -6.0252958       -4.8607927       -1.5746937       -0.7481640       -0.5738819       -0.4700124        0.0484617  
#    0.7647059   0.7352941   0.0000000
       1.8327561       -6.3663775       -6.0286894       -4.8476717       -1.5842097       -0.7462931       -0.5724456       -0.4624902        0.0482538  
#    0.7500000   0.7500000   0.0000000
       1.8535534       -6.3678538       -6.0298251       -4.8432713       -1.5874051       -0.7456767       -0.5719592       -0.4599475        0.0481777  
#    0.7350000   0.7350000   0.0000000
       1.8747666       -6.3206070       -6.1491430       -4.8860827       -1.5189388       -0.7612931       -0.5690301       -0.4535616        0.1505267  
#    0.7200000   0.7200000   0.0000000
       1.8959798       -6.2708640       -6.2625853       -4.9265009       -1.4526152       -0.7777423       -0.5665512       -0.4484685        0.2514651  
#    0.7050000   0.7050000   0.0000000
       1.9171930       -6.3694858       -6.2186706       -4.9642567       -1.3887914       -0.7950054       -0.5646185       -0.4445953        0.3503033  
#    0.6900000   0.6900000   0.0000000
       1.9384062       -6.4692308       -6.1640758       -4.9991110       -1.3278543       -0.8130614       -0.5633300       -0.4418403        0.4463645  
#    0.6750000   0.6750000   0.0000000
       1.9596194       -6.5612576       -6.1071319       -5.0308508       -1.2702145       -0.8318869       -0.5627846       -0.4400787        0.5389854  
#    0.6600000   0.6600000   0.0000000
       1.9808326       -6.6450540       -6.0478948       -5.0592868       -1.2162973       -0.8514557       -0.5630817       -0.4391699        0.6275163  
#    0.6450000   0.6450000   0.0000000
       2.0020458       -6.7201585       -5.9864238       -5.0842508       -1.1665295       -0.8717393       -0.5643201       -0.4389661        0.7113244  
#    0.6300000   0.6300000   0.0000000
       2.0232590       -6.7861606       -5.9227822       -5.1055936       -1.1213220       -0.8927065       -0.5665968       -0.4393252        0.7897960  
#    0.6150000   0.6150000   0.0000000
       2.0444722       -6.8427015       -5.8570374       -5.1231834       -1.0810481       -0.9143232       -0.5700064       -0.4401261        0.8623415  
#    0.6000000   0.6000000   0.0000000
       2.0656854       -6.8894751       -5.7892607       -5.1369047       -1.0460182       -0.9365527       -0.5746399       -0.4412880        0.9284003  
#    0.5850000   0.5850000   0.0000000
       2.0868986       -6.9262280       -5.7195280       -5.1466569       -1.0164521       -0.9593556       -0.5805837       -0.4427917        0.9874463  
#    0.5700000   0.5700000   0.0000000
       2.1081118       -6.9527603       -5.6479195       -5.1523539       -0.9924551       -0.9826895       -0.5879186       -0.4446975        1.0389944  
#    0.5550000   0.5550000   0.0000000
       2.1293250       -6.9689251       -5.5745204       -5.1539234       -1.0065094       -0.9740021       -0.5967190       -0.4471559        1.0826066  
#    0.5400000   0.5400000   0.0000000
       2.1505382       -6.9746285       -5.4994207       -5.1513059       -1.0307677       -0.9609351       -0.6070521       -0.4504059        1.1178981  
#    0.5250000   0.5250000   0.0000000
       2.1717514       -6.9698284       -5.4227154       -5.1444548       -1.0554139       -0.9529775       -0.6189771       -0.4547581        1.1445435  
#    0.5100000   0.5100000   0.0000000
       2.1929646       -6.9545331       -5.3445048       -5.1333355       -1.0803953       -0.9497614       -0.6325444       -0.4605655        1.1622814  
#    0.4950000   0.4950000   0.0000000
       2.2141778       -6.9287995       -5.2648944       -5.1179247       -1.1056566       -0.9508628       -0.6477954       -0.4681878        1.1709189  
#    0.4800000   0.4800000   0.0000000
       2.2353911       -6.8927305       -5.1839952       -5.0982102       -1.1311401       -0.9558363       -0.6647621       -0.4779581        1.1703346  
#    0.4650000   0.4650000   0.0000000
       2.2566043       -6.8464724       -5.1019235       -5.0741903       -1.1567864       -0.9642445       -0.6834668       -0.4901542        1.1604801  
#    0.4500000   0.4500000   0.0000000
       2.2778175       -6.7902106       -5.0458728       -5.0188008       -1.1825337       -0.9756780       -0.7039219       -0.5049822        1.1413801  
#    0.4350000   0.4350000   0.0000000
       2.2990307       -6.7241649       -5.0132748       -4.9347541       -1.2083187       -0.9897662       -0.7261304       -0.5225666        1.1131312  
#    0.4200000   0.4200000   0.0000000
       2.3202439       -6.6485826       -4.9764222       -4.8499155       -1.2340765       -1.0061822       -0.7500854       -0.5429480        1.0758993  
#    0.4050000   0.4050000   0.0000000
       2.3414571       -6.5637272       -4.9353494       -4.7644223       -1.2597410       -1.0246410       -0.7757710       -0.5660857        1.0299149  
#    0.3900000   0.3900000   0.0000000
       2.3626703       -6.4698621       -4.8900990       -4.6784163       -1.2852449       -1.0448961       -0.8031617       -0.5918599        0.9754687  
#    0.3750000   0.3750000   0.0000000
       2.3838835       -6.3672242       -4.8407219       -4.5920445       -1.3105202       -1.0667325       -0.8322236       -0.6200740        0.9129050  
#    0.3600000   0.3600000   0.0000000
       2.4050967       -6.2559874       -4.7872776       -4.5054581       -1.3354984       -1.0899613       -0.8629137       -0.6504527        0.8426153  
#    0.3450000   0.3450000   0.0000000
       2.4263099       -6.1362139       -4.7298344       -4.4188132       -1.3601106       -1.1144133       -0.8951806       -0.6826347        0.7650316  
#    0.3300000   0.3300000   0.0000000
       2.4475231       -6.0078019       -4.6684705       -4.3322704       -1.3842882       -1.1399362       -0.9289640       -0.7161633        0.6806201  
#    0.3150000   0.3150000   0.0000000
       2.4687363       -5.8704474       -4.6032749       -4.2459950       -1.4079625       -1.1663937       -0.9641946       -0.7504788        0.5898743  
#    0.3000000   0.3000000   0.0000000
       2.4899495       -5.7236520       -4.5343484       -4.1601577       -1.4310660       -1.1936698       -1.0007937       -0.7849248        0.4933104  
#    0.2850000   0.2850000   0.0000000
       2.5111627       -5.5668182       -4.4618061       -4.0749354       -1.4535315       -1.2216700       -1.0386718       -0.8187898        0.3914622  
#    0.2700000   0.2700000   0.0000000
       2.5323759       -5.3994703       -4.3857792       -3.9905119       -1.4752934       -1.2503192       -1.0777278       -0.8514008        0.2848779  
#    0.2550000   0.2550000   0.0000000
       2.5535891       -5.2216030       -4.3064186       -3.9070804       -1.4962875       -1.2795446       -1.1178466       -0.8822814        0.1741184  
#    0.2400000   0.2400000   0.0000000
       2.5748023       -5.0340891       -4.2238983       -3.8248449       -1.5164511       -1.3092448       -1.1588971       -0.9113528        0.0597569  
#    0.2250000   0.2250000   0.0000000
       2.5960155       -4.8390049       -4.1384213       -3.7440243       -1.5357238       -1.3392553       -1.2007283       -0.9391184       -0.0576192  
#    0.2100000   0.2100000   0.0000000
       2.6172287       -4.6396954       -4.0502265       -3.6648557       -1.5540474       -1.3693299       -1.2431656       -0.9667429       -0.1774042  
#    0.1950000   0.1950000   0.0000000
       2.6384419       -4.4404709       -3.9595984       -3.5876003       -1.5713662       -1.3991529       -1.2860050       -0.9959459       -0.2989665  
#    0.1800000   0.1800000   0.0000000
       2.6596551       -4.2459815       -3.8668804       -3.5125497       -1.5876272       -1.4283788       -1.3290067       -1.0286855       -0.4216373  
#    0.1650000   0.1650000   0.0000000
       2.6808683       -4.0604763       -3.7724929       -3.4400345       -1.6027805       -1.4566832       -1.3718868       -1.0666967       -0.5446932  
#    0.1500000   0.1500000   0.0000000
       2.7020815       -3.8871975       -3.6769596       -3.3704338       -1.6167794       -1.4838105       -1.4143075       -1.1110070       -0.6673316  
#    0.1350000   0.1350000   0.0000000
       2.7232947       -3.7280821       -3.5809433       -3.3041867       -1.6295805       -1.5096122       -1.4558661       -1.1615812       -0.7886349  
#    0.1200000   0.1200000   0.0000000
       2.7445079       -3.5838049       -3.4852976       -3.2418045       -1.6411440       -1.5340787       -1.4960827       -1.2171970       -0.9075192  
#    0.1050000   0.1050000   0.0000000
       2.7657211       -3.4540980       -3.3911389       -3.1838820       -1.6514339       -1.5573692       -1.5343898       -1.2755675       -1.0226625  
#    0.0900000   0.0900000   0.0000000
       2.7869343       -3.3382586       -3.2999459       -3.1311054       -1.6604180       -1.5798366       -1.5701241       -1.3336321       -1.1324054  
#    0.0750000   0.0750000   0.0000000
       2.8081475       -3.2357526       -3.2136866       -3.0842515       -1.6680683       -1.6025277       -1.6019941       -1.3879120       -1.2346237  
#    0.0600000   0.0600000   0.0000000
       2.8293607       -3.1467841       -3.1349598       -3.0441714       -1.6743607       -1.6307650       -1.6242692       -1.4349378       -1.3265866  
#    0.0450000   0.0450000   0.0000000
       2.8505740       -3.0725627       -3.0670933       -3.0117511       -1.6792754       -1.6539622       -1.6463226       -1.4719310       -1.4048589  
#    0.0300000   0.0300000   0.0000000
       2.8717872       -3.0160245       -3.0140607       -2.9878424       -1.6827970       -1.6712766       -1.6661995       -1.4976651       -1.4653837  
#    0.0150000   0.0150000   0.0000000
       2.8930004       -2.9804093       -2.9800010       -2.9731683       -1.6849144       -1.6819916       -1.6804218       -1.5124667       -1.5039625  
#    0.0000000   0.0000000   0.0000000
       2.9142136       -2.9682189       -2.9682189       -2.9682189       -1.6856209       -1.6856209       -1.6856209       -1.5172549       -1.5172549  
#    0.0121951   0.0121951   0.0121951
       2.9353361       -2.9780567       -2.9776521       -2.9776521       -1.6834558       -1.6834558       -1.6805213       -1.5082649       -1.5082649  
#    0.0243902   0.0243902   0.0243902
       2.9564587       -3.0070970       -3.0051448       -3.0051448       -1.6775701       -1.6775701       -1.6656684       -1.4815002       -1.4815002  
#    0.0365854   0.0365854   0.0365854
       2.9775813       -3.0540602       -3.0485610       -3.0485610       -1.6691384       -1.6691384       -1.6422600       -1.4379454       -1.4379454  
#    0.0487805   0.0487805   0.0487805
       2.9987038       -3.1171922       -3.1050824       -3.1050824       -1.6589601       -1.6589601       -1.6119145       -1.3796579       -1.3796579  
#    0.0609756   0.0609756   0.0609756
       3.0198264       -3.1948933       -3.1718285       -3.1718285       -1.6472941       -1.6472941       -1.5763548       -1.3093139       -1.3093139  
#    0.0731707   0.0731707   0.0731707
       3.0409490       -3.2870185       -3.2462295       -3.2462295       -1.6341284       -1.6341284       -1.5373552       -1.2295641       -1.2295641  
#    0.0853659   0.0853659   0.0853659
       3.0620716       -3.3941710       -3.3261600       -3.3261600       -1.6193928       -1.6193928       -1.4966897       -1.1426893       -1.1426893  
#    0.0975610   0.0975610   0.0975610
       3.0831941       -3.5174621       -3.4099283       -3.4099283       -1.6030400       -1.6030400       -1.4560793       -1.0505282       -1.0505282  
#    0.1097561   0.1097561   0.1097561
       3.1043167       -3.6579862       -3.4962099       -3.4962099       -1.5850615       -1.5850615       -1.4170478       -0.9545290       -0.9545290  
#    0.1219512   0.1219512   0.1219512
       3.1254393       -3.8162440       -3.5839691       -3.5839691       -1.5654840       -1.5654840       -1.3807157       -0.8558302       -0.8558302  
#    0.1341463   0.1341463   0.1341463
       3.1465618       -3.9916688       -3.6723907       -3.6723907       -1.5443628       -1.5443628       -1.3476312       -0.7553364       -0.7553364  
#    0.1463415   0.1463415   0.1463415
       3.1676844       -4.1823599       -3.7608252       -3.7608252       -1.5217754       -1.5217754       -1.3177132       -0.6537786       -0.6537786  
#    0.1585366   0.1585366   0.1585366
       3.1888070       -4.3851155       -3.8487481       -3.8487481       -1.4978174       -1.4978174       -1.2903394       -0.5517591       -0.5517591  
#    0.1707317   0.1707317   0.1707317
       3.2099296       -4.5957816       -3.9357287       -3.9357287       -1.4725994       -1.4725994       -1.2645462       -0.4497851       -0.4497851  
#    0.1829268   0.1829268   0.1829268
       3.2310521       -4.8098522       -4.0214083       -4.0214083       -1.4462449       -1.4462449       -1.2392666       -0.3482929       -0.3482929  
#    0.1951220   0.1951220   0.1951220
       3.2521747       -5.0231420       -4.1054836       -4.1054836       -1.4188882       -1.4188882       -1.2135404       -0.2476656       -0.2476656  
#    0.2073171   0.2073171   0.2073171
       3.2732973       -5.2323245       -4.1876945       -4.1876945       -1.3906737       -1.3906737       -1.1866488       -0.1482461       -0.1482461  
#    0.2195122   0.2195122   0.2195122
       3.2944198       -5.4351907       -4.2678151       -4.2678151       -1.3617543       -1.3617543       -1.1581629       -0.0503466       -0.0503466  
#    0.2317073   0.2317073   0.2317073
       3.3155424       -5.6306052       -4.3456471       -4.3456471       -1.3322905       -1.3322905       -1.1279249        0.0457442        0.0457442  
#    0.2439024   0.2439024   0.2439024
       3.3366650       -5.8182536       -4.4210147       -4.4210147       -1.3024492       -1.3024492       -1.0959872        0.1397556        0.1397556  
#    0.2560976   0.2560976   0.2560976
       3.3577875       -5.9983113       -4.4937607       -4.4937607       -1.2724027       -1.2724027       -1.0625405        0.2314308        0.2314308  
#    0.2682927   0.2682927   0.2682927
       3.3789101       -6.1711449       -4.5637436       -4.5637436       -1.2423276       -1.2423276       -1.0278505        0.3205241        0.3205241  
#    0.2804878   0.2804878   0.2804878
       3.4000327       -6.3371052       -4.6308348       -4.6308348       -1.2124031       -1.2124031       -0.9922136        0.4067981        0.4067981  
#    0.2926829   0.2926829   0.2926829
       3.4211553       -6.4964152       -4.6949173       -4.6949173       -1.1828106       -1.1828106       -0.9559315        0.4900227        0.4900227  
#    0.3048780   0.3048780   0.3048780
       3.4422778       -6.6491346       -4.7558842       -4.7558842       -1.1537312       -1.1537312       -0.9193011        0.5699730        0.5699730  
#    0.3170732   0.3170732   0.3170732
       3.4634004       -6.7951690       -4.8136368       -4.8136368       -1.1253455       -1.1253455       -0.8826151        0.6464295        0.6464295  
#    0.3292683   0.3292683   0.3292683
       3.4845230       -6.9342999       -4.8680847       -4.8680847       -1.0978311       -1.0978311       -0.8461656        0.7191772        0.7191772  
#    0.3414634   0.3414634   0.3414634
       3.5056455       -7.0662201       -4.9191442       -4.9191442       -1.0713617       -1.0713617       -0.8102492        0.7880060        0.7880060  
#    0.3536585   0.3536585   0.3536585
       3.5267681       -7.1905646       -4.9667380       -4.9667380       -1.0461057       -1.0461057       -0.7751705        0.8527111        0.8527111  
#    0.3658537   0.3658537   0.3658537
       3.5478907       -7.3069355       -5.0107949       -5.0107949       -1.0222245       -1.0222245       -0.7412432        0.9130935        0.9130935  
#    0.3780488   0.3780488   0.3780488
       3.5690133       -7.4149212       -5.0512491       -5.0512491       -0.9998711       -0.9998711       -0.7087892        0.9689616        0.9689616  
#    0.3902439   0.3902439   0.3902439
       3.5901358       -7.5141102       -5.0880402       -5.0880402       -0.9791893       -0.9791893       -0.6781355        1.0201320        1.0201320  
#    0.4024390   0.4024390   0.4024390
       3.6112584       -7.6041017       -5.1211129       -5.1211129       -0.9603121       -0.9603121       -0.6496091        1.0664313        1.0664313  
#    0.4146341   0.4146341   0.4146341
       3.6323810       -7.6845140       -5.1504173       -5.1504173       -0.9433608       -0.9433608       -0.6235311        1.1076979        1.1076979  
#    0.4268293   0.4268293   0.4268293
       3.6535035       -7.7549921       -5.1759085       -5.1759085       -0.9284443       -0.9284443       -0.6002095        1.1437834        1.1437834  
#    0.4390244   0.4390244   0.4390244
       3.6746261       -7.8152133       -5.1975469       -5.1975469       -0.9156582       -0.9156582       -0.5799315        1.1745549        1.1745549  
#    0.4512195   0.4512195   0.4512195
       3.6957487       -7.8648936       -5.2152986       -5.2152986       -0.9050841       -0.9050841       -0.5629563        1.1998964        1.1998964  
#    0.4634146   0.4634146   0.4634146
       3.7168713       -7.9037927       -5.2291354       -5.2291354       -0.8967894       -0.8967894       -0.5495075        1.2197104        1.2197104  
#    0.4756098   0.4756098   0.4756098
       3.7379938       -7.9317186       -5.2390349       -5.2390349       -0.8908267       -0.8908267       -0.5397666        1.2339196        1.2339196  
#    0.4878049   0.4878049   0.4878049
       3.7591164       -7.9485310       -5.2449811       -5.2449811       -0.8872340       -0.8872340       -0.5338672        1.2424678        1.2424678  
#    0.5000000   0.5000000   0.5000000
       3.7802390       -7.9541446       -5.2469643       -5.2469643       -0.8860339       -0.8860339       -0.5318915        1.2453210        1.2453210  
#    0.5151515   0.5000000   0.4848485
       3.8016664       -7.9513021       -5.2484075       -5.2463940       -0.8871181       -0.8859207       -0.5324417        1.2386253        1.2432642  
#    0.5303030   0.5000000   0.4696970
       3.8230939       -7.9427832       -5.2527293       -5.2446950       -0.8903509       -0.8855933       -0.5340788        1.2187619        1.2370982  
#    0.5454545   0.5000000   0.4545455
       3.8445214       -7.9286141       -5.2599054       -5.2419033       -0.8956733       -0.8850881       -0.5367617        1.1863763        1.2268361  
#    0.5606061   0.5000000   0.4393939
       3.8659489       -7.9088386       -5.2698953       -5.2380785       -0.9029883       -0.8844663       -0.5404209        1.1424704        1.2125011  
#    0.5757576   0.5000000   0.4242424
       3.8873764       -7.8835183       -5.2826407       -5.2333048       -0.9121612       -0.8838139       -0.5449583        1.0883070        1.1941273  
#    0.5909091   0.5000000   0.4090909
       3.9088038       -7.8527325       -5.2980652       -5.2276907       -0.9230217       -0.8832421       -0.5502457        1.0253056        1.1717615  
#    0.6060606   0.5000000   0.3939394
       3.9302313       -7.8165788       -5.3160731       -5.2213700       -0.9353666       -0.8828862       -0.5561250        0.9549446        1.1454659  
#    0.6212121   0.5000000   0.3787879
       3.9516588       -7.7751734       -5.3365478       -5.2145013       -0.9489625       -0.8829035       -0.5624091        0.8786804        1.1153206  
#    0.6363636   0.5000000   0.3636364
       3.9730863       -7.7286515       -5.3593518       -5.2072690       -0.9635495       -0.8834688       -0.5688858        0.7978891        1.0814268  
#    0.6515152   0.5000000   0.3484848
       3.9945137       -7.6771676       -5.3843247       -5.1998834       -0.9788456       -0.8847660       -0.5753246        0.7138281        1.0439104  
#    0.6666667   0.5000000   0.3333333
       4.0159412       -7.6208967       -5.4112833       -5.1925805       -0.9945516       -0.8869754       -0.5814885        0.6276160        1.0029257  
#    0.6818182   0.5000000   0.3181818
       4.0373687       -7.5600343       -5.4400216       -5.1856220       -1.0103568       -0.8902564       -0.5871502        0.5402268        0.9586593  
#    0.6969697   0.5000000   0.3030303
       4.0587962       -7.4947976       -5.4703107       -5.1792945       -1.0259445       -0.8947277       -0.5921120        0.4524933        0.9113345  
#    0.7121212   0.5000000   0.2878788
       4.0802237       -7.4254264       -5.5019001       -5.1739083       -1.0409980       -0.9004460       -0.5962255        0.3651164        0.8612144  
#    0.7272727   0.5000000   0.2727273
       4.1016511       -7.3521841       -5.5345191       -5.1697958       -1.0552068       -0.9073912       -0.5994081        0.2786789        0.8086067  
#    0.7424242   0.5000000   0.2575758
       4.1230786       -7.2753586       -5.5678790       -5.1673083       -1.0682721       -0.9154589       -0.6016510        0.1936599        0.7538658  
#    0.7575758   0.5000000   0.2424242
       4.1445061       -7.1952642       -5.6016759       -5.1668121       -1.0799118       -0.9244642       -0.6030170        0.1104506        0.6973961  
#    0.7727273   0.5000000   0.2272727
       4.1659336       -7.1122427       -5.6355940       -5.1686833       -1.0898660       -0.9341547       -0.6036307        0.0293692        0.6396538  
#    0.7878788   0.5000000   0.2121212
       4.1873611       -7.0266653       -5.6693089       -5.1733006       -1.0979007       -0.9442304       -0.6036628       -0.0493246        0.5811473  
#    0.8030303   0.5000000   0.1969697
       4.2087885       -6.9389349       -5.7024923       -5.1810363       -1.1038117       -0.9543661       -0.6033122       -0.1254164        0.5224372  
#    0.8181818   0.5000000   0.1818182
       4.2302160       -6.8494894       -5.7348155       -5.1922453       -1.1074281       -0.9642334       -0.6027898       -0.1987245        0.4641335  
#    0.8333333   0.5000000   0.1666667
       4.2516435       -6.7588057       -5.7659541       -5.2072509       -1.1086164       -0.9735215       -0.6023041       -0.2690877        0.4068919  
#    0.8484848   0.5000000   0.1515152
       4.2730710       -6.6674058       -5.7955922       -5.2263277       -1.1072848       -0.9819559       -0.6020474       -0.3363531        0.3514063  
#    0.8636364   0.5000000   0.1363636
       4.2944984       -6.5758672       -5.8234267       -5.2496796       -1.1033898       -0.9893152       -0.6021825       -0.4003626        0.2983981  
#    0.8787879   0.5000000   0.1212121
       4.3159259       -6.4848391       -5.8491706       -5.2774102       -1.0969469       -0.9954466       -0.6028284       -0.4609362        0.2486013  
#    0.8939394   0.5000000   0.1060606
       4.3373534       -6.3950714       -5.8725576       -5.3094815       -1.0880484       -1.0002781       -0.6040437       -0.5178486        0.2027422  
#    0.9090909   0.5000000   0.0909091
       4.3587809       -6.3074678       -5.8933446       -5.3456485       -1.0768936       -1.0038271       -0.6058099       -0.5707939        0.1615156  
#    0.9242424   0.5000000   0.0757576
       4.3802084       -6.2231866       -5.9113151       -5.3853462       -1.0638424       -1.0062018       -0.6193281       -0.6080185        0.1255568  
#    0.9393939   0.5000000   0.0606061
       4.4016358       -6.1438405       -5.9262815       -5.4274805       -1.0495077       -1.0075933       -0.6627731       -0.6104671        0.0954168  
#    0.9545455   0.5000000   0.0454545
       4.4230633       -6.0718972       -5.9380875       -5.4700186       -1.0349049       -1.0082533       -0.7000641       -0.6128743        0.0715426  
#    0.9696970   0.5000000   0.0303030
       4.4444908       -6.0114319       -5.9466096       -5.5092301       -1.0216477       -1.0084583       -0.7295512       -0.6149175        0.0542686  
#    0.9848485   0.5000000   0.0151515
       4.4659183       -5.9691084       -5.9517589       -5.5387006       -1.0120216       -1.0084613       -0.7489246       -0.6162914        0.0438198  
#    1.0000000   0.5000000   0.0000000
       4.4873457       -5.9534813       -5.9534813       -5.5500265       -1.0084408       -1.0084408       -0.7557561       -0.6167762        0.0403233  
#    1.0000000   0.4852941   0.0147059
       4.5081430       -5.9995234       -5.9136768       -5.5415922       -1.0456295       -0.9748002       -0.7527244       -0.6165399        0.0405846  
#    1.0000000   0.4705882   0.0294118
       4.5289403       -6.0430805       -5.8906551       -5.5147975       -1.0869335       -0.9433950       -0.7441412       -0.6158082        0.0412817  
#    1.0000000   0.4558824   0.0441176
       4.5497375       -6.0840928       -5.8835109       -5.4711180       -1.1311458       -0.9143223       -0.7308139       -0.6145495        0.0422846  
#    1.0000000   0.4411765   0.0588235
       4.5705348       -6.1225055       -5.8878195       -5.4155619       -1.1771775       -0.8876662       -0.7135101       -0.6127389        0.0434691  
#    1.0000000   0.4264706   0.0735294
       4.5913320       -6.1582680       -5.8989578       -5.3533481       -1.2240719       -0.8634927       -0.6929458       -0.6103642        0.0447209  
#    1.0000000   0.4117647   0.0882353
       4.6121293       -6.1913342       -5.9136475       -5.2883628       -1.2709740       -0.8418420       -0.6698155       -0.6074332        0.0459392  
#    1.0000000   0.3970588   0.1029412
       4.6329266       -6.2216620       -5.9298451       -5.2232678       -1.3170962       -0.8227195       -0.6448219       -0.6039832        0.0470391  
#    1.0000000   0.3823529   0.1176471
       4.6537238       -6.2492136       -5.9462957       -5.1599448       -1.3616941       -0.8060877       -0.6186954       -0.6000895        0.0479542  
#    1.0000000   0.3676471   0.1323529
       4.6745211       -6.2739549       -5.9622033       -5.0998201       -1.4040518       -0.7918614       -0.5958700       -0.5922001        0.0486391  
#    1.0000000   0.3529412   0.1470588
       4.6953183       -6.2958556       -5.9770397       -5.0440508       -1.4434764       -0.7799101       -0.5914836       -0.5661308        0.0490718  
#    1.0000000   0.3382353   0.1617647
       4.7161156       -6.3148893       -5.9904375       -4.9936214       -1.4792996       -0.7700680       -0.5871205       -0.5413013        0.0492562  
#    1.0000000   0.3235294   0.1764706
       4.7369128       -6.3310331       -6.0021325       -4.9493893       -1.5108863       -0.7621496       -0.5829866       -0.5185240        0.0492229  
#    1.0000000   0.3088235   0.1911765
       4.7577101       -6.3442677       -6.0119298       -4.9121023       -1.5376484       -0.7559684       -0.5792848       -0.4985841        0.0490276  
#    1.0000000   0.2941176   0.2058824
       4.7785074       -6.3545775       -6.0196857       -4.8823975       -1.5590631       -0.7513539       -0.5761991       -0.4822053        0.0487458  
#    1.0000000   0.2794118   0.2205882
       4.7993046       -6.3619504       -6.0252958       -4.8607927       -1.5746937       -0.7481640       -0.5738819       -0.4700124        0.0484617  
#    1.0000000   0.2647059   0.2352941
       4.8201019       -6.3663775       -6.0286894       -4.8476717       -1.5842097       -0.7462931       -0.5724456       -0.4624902        0.0482538  
#    1.0000000   0.2500000   0.2500000
       4.8408991       -6.3678538       -6.0298251       -4.8432713       -1.5874051       -0.7456767       -0.5719592       -0.4599475        0.0481777  
#    1.0000000   0.2352941   0.2352941
       4.8616964       -6.4117098       -5.9078375       -4.7992681       -1.6562958       -0.7311908       -0.5751778       -0.4675009       -0.0528547  
#    1.0000000   0.2205882   0.2205882
       4.8824937       -6.4530879       -5.7816287       -4.7535767       -1.7266579       -0.7175350       -0.5786545       -0.4763350       -0.1538867  
#    1.0000000   0.2058824   0.2058824
       4.9032909       -6.4919535       -5.6519919       -4.7065581       -1.7982407       -0.7047211       -0.5823076       -0.4864102       -0.2542205  
#    1.0000000   0.1911765   0.1911765
       4.9240882       -6.5282744       -5.5197868       -4.6586174       -1.8708116       -0.6927596       -0.5860597       -0.4976428       -0.3531359  
#    1.0000000   0.1764706   0.1764706
       4.9448854       -6.5620207       -5.3859513       -4.6102088       -1.9441417       -0.6816592       -0.5898375       -0.5099014       -0.4498865  
#    1.0000000   0.1617647   0.1617647
       4.9656827       -6.5931652       -5.2515155       -4.5618401       -2.0179860       -0.6714273       -0.5935724       -0.5436956       -0.5230044  
#    1.0000000   0.1470588   0.1470588
       4.9864799       -6.6216831       -5.1176233       -4.5140751       -2.0920538       -0.6620702       -0.6337532       -0.5972004       -0.5367198  
#    1.0000000   0.1323529   0.1323529
       5.0072772       -6.6475517       -4.9855612       -4.4675361       -2.1659665       -0.7192143       -0.6535930       -0.6006630       -0.5507660  
#    1.0000000   0.1176471   0.1176471
       5.0280745       -6.6707510       -4.8567986       -4.4229012       -2.2392012       -0.7992004       -0.6459998       -0.6039064       -0.5648174  
#    1.0000000   0.1029412   0.1029412
       5.0488717       -6.6912627       -4.7330414       -4.3808988       -2.3110166       -0.8728057       -0.6392939       -0.6068827       -0.5785119  
#    1.0000000   0.0882353   0.0882353
       5.0696690       -6.7090712       -4.6162995       -4.3422943       -2.3803590       -0.9391091       -0.6334781       -0.6095490       -0.5914637  
#    1.0000000   0.0735294   0.0735294
       5.0904662       -6.7241628       -4.5089638       -4.3078705       -2.4457576       -0.9971941       -0.6285542       -0.6118683       -0.6032787  
#    1.0000000   0.0588235   0.0588235
       5.1112635       -6.7365261       -4.4138695       -4.2783980       -2.5052288       -1.0461777       -0.6245238       -0.6138091       -0.6135734  
#    1.0000000   0.0441176   0.0441176
       5.1320608       -6.7461516       -4.3342941       -4.2545979       -2.5562476       -1.0852473       -0.6219956       -0.6213881       -0.6153454  
#    1.0000000   0.0294118   0.0294118
       5.1528580       -6.7530321       -4.2737947       -4.2370983       -2.5958794       -1.1137040       -0.6282448       -0.6191478       -0.6164572  
#    1.0000000   0.0147059   0.0147059
       5.1736553       -6.7571625       -4.2357758       -4.2263895       -2.6211852       -1.1310072       -0.6320910       -0.6178034       -0.6171300  
#    1.0000000   0.0000000   0.0000000
       5.1944525       -6.7585396       -4.2227841       -4.2227841       -2.6299066       -1.1368141       -0.6333894       -0.6173553       -0.6173553  
