#   2  -3.1452617      247       33        8        1        1        8
#    0.0000000   0.0000000   0.0000000
       0.0000000       -2.8708531       -2.8708531       -2.8708531       -1.6864069       -1.6864069       -1.6864069       -1.5152076       -1.5152076  
#    0.0212766   0.0000000   0.0000000
       0.0212766       -2.8951885       -2.8769931       -2.8769931       -1.6873773       -1.6807638       -1.6807638       -1.5148062       -1.4961078  
#    0.0425532   0.0000000   0.0000000
       0.0425532       -2.9640386       -2.8949993       -2.8949993       -1.6902859       -1.6642221       -1.6642221       -1.5136028       -1.4429903  
#    0.0638298   0.0000000   0.0000000
       0.0638298       -3.0678471       -2.9237379       -2.9237379       -1.6951252       -1.6378396       -1.6378396       -1.5116008       -1.3654812  
#    0.0851064   0.0000000   0.0000000
       0.0851064       -3.1966160       -2.9616151       -2.9616151       -1.7018825       -1.6030892       -1.6030892       -1.5088052       -1.2736748  
#    0.1063830   0.0000000   0.0000000
       0.1063830       -3.3424395       -3.0068621       -3.0068621       -1.7105398       -1.5615820       -1.5615820       -1.5052238       -1.1755686  
#    0.1276596   0.0000000   0.0000000
       0.1276596       -3.4997317       -3.0577500       -3.0577500       -1.7210731       -1.5148627       -1.5148627       -1.5008669       -1.0767992  
#    0.1489362   0.0000000   0.0000000
       0.1489362       -3.6646637       -3.1127096       -3.1127096       -1.7334525       -1.4957476       -1.4643031       -1.4643031       -0.9811612  
#    0.1702128   0.0000000   0.0000000
       0.1702128       -3.8345840       -3.1703757       -3.1703757       -1.7476418       -1.4898822       -1.4110703       -1.4110703       -0.8911438  
#    0.1914894   0.0000000   0.0000000
       0.1914894       -4.0075963       -3.2295892       -3.2295892       -1.7635976       -1.4832904       -1.3561389       -1.3561389       -0.8083111  
#    0.2127660   0.0000000   0.0000000
       0.2127660       -4.1822780       -3.2893800       -3.2893800       -1.7812693       -1.4759957       -1.3003199       -1.3003199       -0.7335498  
#    0.2340426   0.0000000   0.0000000
       0.2340426       -4.3574935       -3.3489461       -3.3489461       -1.8005987       -1.4680254       -1.2442935       -1.2442935       -0.6672311  
#    0.2553191   0.0000000   0.0000000
       0.2553191       -4.5322690       -3.4076324       -3.4076324       -1.8215195       -1.4594107       -1.1886380       -1.1886380       -0.6093255  
#    0.2765957   0.0000000   0.0000000
       0.2765957       -4.7057069       -3.4649142       -3.4649142       -1.8439569       -1.4501869       -1.1338529       -1.1338529       -0.5594911  
#    0.2978723   0.0000000   0.0000000
       0.2978723       -4.8769294       -3.5203821       -3.5203821       -1.8678280       -1.4403931       -1.0803755       -1.0803755       -0.5171507  
#    0.3191489   0.0000000   0.0000000
       0.3191489       -5.0450440       -3.5737303       -3.5737303       -1.8930410       -1.4300723       -1.0285924       -1.0285924       -0.4815604  
#    0.3404255   0.0000000   0.0000000
       0.3404255       -5.2091283       -3.6247443       -3.6247443       -1.9194959       -1.4192709       -0.9788462       -0.9788462       -0.4518745  
#    0.3617021   0.0000000   0.0000000
       0.3617021       -5.3682296       -3.6732904       -3.6732904       -1.9470842       -1.4080386       -0.9314396       -0.9314396       -0.4272063  
#    0.3829787   0.0000000   0.0000000
       0.3829787       -5.5213798       -3.7193041       -3.7193041       -1.9756897       -1.3964276       -0.8866361       -0.8866361       -0.4066820  
#    0.4042553   0.0000000   0.0000000
       0.4042553       -5.6676200       -3.7627784       -3.7627784       -2.0051885       -1.3844926       -0.8446600       -0.8446600       -0.3894890  
#    0.4255319   0.0000000   0.0000000
       0.4255319       -5.8060333       -3.8037521       -3.8037521       -2.0354498       -1.3722899       -0.8056948       -0.8056948       -0.3749151  
#    0.4468085   0.0000000   0.0000000
       0.4468085       -5.9357821       -3.8422975       -3.8422975       -2.0663369       -1.3598770       -0.7698818       -0.7698818       -0.3623789  
#    0.4680851   0.0000000   0.0000000
       0.4680851       -6.0561446       -3.8785089       -3.8785089       -2.0977073       -1.3473124       -0.7373191       -0.7373191       -0.3514501  
#    0.4893617   0.0000000   0.0000000
       0.4893617       -6.1665499       -3.9124919       -3.9124919       -2.1294145       -1.3346544       -0.7080601       -0.7080601       -0.3418594  
#    0.5106383   0.0000000   0.0000000
       0.5106383       -6.2666055       -3.9443532       -3.9443532       -2.1613084       -1.3219614       -0.6821147       -0.6821147       -0.3334982  
#    0.5319149   0.0000000   0.0000000
       0.5319149       -6.3561167       -3.9741928       -3.9741928       -2.1932363       -1.3092911       -0.6594496       -0.6594496       -0.3264095  
#    0.5531915   0.0000000   0.0000000
       0.5531915       -6.4350959       -4.0020980       -4.0020980       -2.2250446       -1.2967005       -0.6399906       -0.6399906       -0.3207683  
#    0.5744681   0.0000000   0.0000000
       0.5744681       -6.5037611       -4.0281389       -4.0281389       -2.2565790       -1.2842454       -0.6236259       -0.6236259       -0.3168550  
#    0.5957447   0.0000000   0.0000000
       0.5957447       -6.5625236       -4.0523675       -4.0523675       -2.2876867       -1.2719802       -0.6102097       -0.6102097       -0.3150224  
#    0.6170213   0.0000000   0.0000000
       0.6170213       -6.6119674       -4.0748179       -4.0748179       -2.3182162       -1.2599582       -0.5995664       -0.5995664       -0.3156567  
#    0.6382979   0.0000000   0.0000000
       0.6382979       -6.6528194       -4.0955091       -4.0955091       -2.3480195       -1.2482312       -0.5914958       -0.5914958       -0.3191370  
#    0.6595745   0.0000000   0.0000000
       0.6595745       -6.6859161       -4.1144496       -4.1144496       -2.3769522       -1.2368495       -0.5857771       -0.5857771       -0.3257934  
#    0.6808511   0.0000000   0.0000000
       0.6808511       -6.7121652       -4.1316435       -4.1316435       -2.4048749       -1.2258623       -0.5821741       -0.5821741       -0.3358677  
#    0.7021277   0.0000000   0.0000000
       0.7021277       -6.7325083       -4.1470969       -4.1470969       -2.4316538       -1.2153170       -0.5804394       -0.5804394       -0.3494781  
#    0.7234043   0.0000000   0.0000000
       0.7234043       -6.7478833       -4.1608242       -4.1608242       -2.4571614       -1.2052601       -0.5803185       -0.5803185       -0.3665916  
#    0.7446809   0.0000000   0.0000000
       0.7446809       -6.7591916       -4.1728550       -4.1728550       -2.4812774       -1.1957363       -0.5815533       -0.5815533       -0.3870058  
#    0.7659574   0.0000000   0.0000000
       0.7659574       -6.7672693       -4.1832383       -4.1832383       -2.5038889       -1.1867889       -0.5838857       -0.5838857       -0.4103403  
#    0.7872340   0.0000000   0.0000000
       0.7872340       -6.7728646       -4.1920461       -4.1920461       -2.5248909       -1.1784595       -0.5870605       -0.5870605       -0.4360416  
#    0.8085106   0.0000000   0.0000000
       0.8085106       -6.7766227       -4.1993745       -4.1993745       -2.5441871       -1.1707878       -0.5908285       -0.5908285       -0.4633987  
#    0.8297872   0.0000000   0.0000000
       0.8297872       -6.7790773       -4.2053422       -4.2053422       -2.5616897       -1.1638114       -0.5949497       -0.5949497       -0.4915701  
#    0.8510638   0.0000000   0.0000000
       0.8510638       -6.7806495       -4.2100874       -4.2100874       -2.5773196       -1.1575653       -0.5991957       -0.5991957       -0.5196204  
#    0.8723404   0.0000000   0.0000000
       0.8723404       -6.7816538       -4.2137616       -4.2137616       -2.5910072       -1.1520817       -0.6033538       -0.6033538       -0.5465639  
#    0.8936170   0.0000000   0.0000000
       0.8936170       -6.7823089       -4.2165228       -4.2165228       -2.6026917       -1.1473897       -0.6072297       -0.6072297       -0.5714130  
#    0.9148936   0.0000000   0.0000000
       0.9148936       -6.7827540       -4.2185259       -4.2185259       -2.6123219       -1.1435146       -0.6106512       -0.6106512       -0.5932275  
#    0.9361702   0.0000000   0.0000000
       0.9361702       -6.7830668       -4.2199144       -4.2199144       -2.6198557       -1.1404777       -0.6134717       -0.6134717       -0.6111624  
#    0.9574468   0.0000000   0.0000000
       0.9574468       -6.7832827       -4.2208109       -4.2208109       -2.6252603       -1.1382961       -0.6245109       -0.6155733       -0.6155733  
#    0.9787234   0.0000000   0.0000000
       0.9787234       -6.7834124       -4.2213093       -4.2213093       -2.6285124       -1.1369821       -0.6327408       -0.6168695       -0.6168695  
#    1.0000000   0.0000000   0.0000000
       1.0000000       -6.7834559       -4.2214688       -4.2214688       -2.6295980       -1.1365432       -0.6355215       -0.6173075       -0.6173075  
#    1.0000000   0.0208333   0.0000000
       1.0208333       -6.7819247       -4.2300603       -4.2294681       -2.6208567       -1.1307007       -0.6341843       -0.6175516       -0.6173069  
#    1.0000000   0.0416667   0.0000000
       1.0416667       -6.7773362       -4.2552344       -4.2530960       -2.5952458       -1.1136581       -0.6300614       -0.6182948       -0.6173050  
#    1.0000000   0.0625000   0.0000000
       1.0625000       -6.7697054       -4.2953641       -4.2912962       -2.5544290       -1.0868249       -0.6228096       -0.6195688       -0.6173015  
#    1.0000000   0.0833333   0.0000000
       1.0833333       -6.7590564       -4.3482138       -4.3424707       -2.5007019       -1.0524089       -0.6214268       -0.6172957       -0.6118316  
#    1.0000000   0.1041667   0.0000000
       1.1041667       -6.7454207       -4.4113799       -4.4046688       -2.4365498       -1.0132282       -0.6239425       -0.6172867       -0.5962690  
#    1.0000000   0.1250000   0.0000000
       1.1250000       -6.7288359       -4.4826026       -4.4757752       -2.3643331       -0.9724478       -0.6272106       -0.6172736       -0.5750702  
#    1.0000000   0.1458333   0.0000000
       1.1458333       -6.7093429       -4.5599179       -4.5536621       -2.2861321       -0.9331835       -0.6313455       -0.6172555       -0.5472261  
#    1.0000000   0.1666667   0.0000000
       1.1666667       -6.6869840       -4.6416946       -4.6362945       -2.2037071       -0.8979577       -0.6364811       -0.6172316       -0.5121998  
#    1.0000000   0.1875000   0.0000000
       1.1875000       -6.6618003       -4.7266083       -4.7217905       -2.1185202       -0.8682000       -0.6427694       -0.6172013       -0.4703574  
#    1.0000000   0.2083333   0.0000000
       1.2083333       -6.6338301       -4.8135934       -4.8084480       -2.0317798       -0.8441338       -0.6503793       -0.6171640       -0.4230479  
#    1.0000000   0.2291667   0.0000000
       1.2291667       -6.6031061       -4.9017917       -4.8947488       -1.9444878       -0.8251325       -0.6594949       -0.6171197       -0.3722374  
#    1.0000000   0.2500000   0.0000000
       1.2500000       -6.5696549       -4.9905076       -4.9793496       -1.8574808       -0.8102337       -0.6703136       -0.6170688       -0.3200017  
#    1.0000000   0.2708333   0.0000000
       1.2708333       -6.5334956       -5.0791720       -5.0610666       -1.7714626       -0.7984992       -0.6830431       -0.6170120       -0.2681815  
#    1.0000000   0.2916667   0.0000000
       1.2916667       -6.4946393       -5.1673140       -5.1388596       -1.6870292       -0.7891640       -0.6978991       -0.6169504       -0.2182536  
#    1.0000000   0.3125000   0.0000000
       1.3125000       -6.4530900       -5.2545397       -5.2118154       -1.6046872       -0.7816550       -0.7151017       -0.6168855       -0.1713351  
#    1.0000000   0.3333333   0.0000000
       1.3333333       -6.4088449       -5.3405166       -5.2791346       -1.5248670       -0.7755606       -0.7348723       -0.6168191       -0.1282372  
#    1.0000000   0.3541667   0.0000000
       1.3541667       -6.3618962       -5.4249617       -5.3401201       -1.4479326       -0.7705909       -0.7574292       -0.6167532       -0.0895287  
#    1.0000000   0.3750000   0.0000000
       1.3750000       -6.3122332       -5.5076336       -5.3941684       -1.3741880       -0.7829841       -0.7665442       -0.6166901       -0.0555929  
#    1.0000000   0.3958333   0.0000000
       1.3958333       -6.2598442       -5.5883264       -5.4407637       -1.3038827       -0.8117379       -0.7632813       -0.6166321       -0.0266752  
#    1.0000000   0.4166667   0.0000000
       1.4166667       -6.2047195       -5.6668647       -5.4794731       -1.2372151       -0.8438767       -0.7607070       -0.6165811       -0.0029219  
#    1.0000000   0.4375000   0.0000000
       1.4375000       -6.1468540       -5.7431012       -5.5099445       -1.1743356       -0.8795674       -0.7587572       -0.6165392        0.0155883  
#    1.0000000   0.4583333   0.0000000
       1.4583333       -6.0862502       -5.8169136       -5.5319047       -1.1153487       -0.9189544       -0.7573899       -0.6165080        0.0288193  
#    1.0000000   0.4791667   0.0000000
       1.4791667       -6.0229208       -5.8882029       -5.5451587       -1.0603160       -0.9621553       -0.7565789       -0.6164888        0.0367591  
#    1.0000000   0.5000000   0.0000000
       1.5000000       -5.9568914       -5.9568914       -5.5495897       -1.0092577       -1.0092577       -0.7563100       -0.6164823        0.0394056  
#    0.9852941   0.5147059   0.0000000
       1.5207973       -6.0032005       -5.9168004       -5.5410788       -1.0463339       -0.9756916       -0.7533052       -0.6162532        0.0397274  
#    0.9705882   0.5294118   0.0000000
       1.5415945       -6.0469724       -5.8935414       -5.5140349       -1.0874958       -0.9443414       -0.7447763       -0.6155453        0.0405954  
#    0.9558824   0.5441176   0.0000000
       1.5623918       -6.0881398       -5.8862343       -5.4699463       -1.1315691       -0.9153010       -0.7314983       -0.6143298        0.0418526  
#    0.9411765   0.5588235   0.0000000
       1.5831890       -6.1266422       -5.8904302       -5.4138841       -1.1774815       -0.8886520       -0.7142184       -0.6125842        0.0433338  
#    0.9264706   0.5735294   0.0000000
       1.6039863       -6.1624271       -5.9014652       -5.3511463       -1.2242808       -0.8644596       -0.6936404       -0.6102967        0.0448752  
#    0.9117647   0.5882353   0.0000000
       1.6247835       -6.1954496       -5.9160291       -5.2856858       -1.2711087       -0.8427647       -0.6704515       -0.6074743        0.0463224  
#    0.8970588   0.6029412   0.0000000
       1.6455808       -6.2256725       -5.9320605       -5.2202110       -1.3171710       -0.8235756       -0.6453492       -0.6041512        0.0475387  
#    0.8823529   0.6176471   0.0000000
       1.6663781       -6.2530660       -5.9482989       -5.1566309       -1.3617153       -0.8068599       -0.6190587       -0.6003973        0.0484134  
#    0.8676471   0.6323529   0.0000000
       1.6871753       -6.2776072       -5.9639524       -5.0963812       -1.4040189       -0.7925391       -0.5963235       -0.5923392        0.0488708  
#    0.8529412   0.6470588   0.0000000
       1.7079726       -6.2992794       -5.9785033       -5.0406127       -1.4433841       -0.7804904       -0.5920810       -0.5659828        0.0488784  
#    0.8382353   0.6617647   0.0000000
       1.7287698       -6.3180711       -5.9915997       -4.9902899       -1.4791410       -0.7705548       -0.5878526       -0.5408053        0.0484543  
#    0.8235294   0.6764706   0.0000000
       1.7495671       -6.3339753       -6.0029952       -4.9462408       -1.5106559       -0.7625527       -0.5838380       -0.5176308        0.0476714  
#    0.8088235   0.6911765   0.0000000
       1.7703644       -6.3469884       -6.0125143       -4.9091768       -1.5373451       -0.7563013       -0.5802362       -0.4972687        0.0466559  
#    0.7941176   0.7058824   0.0000000
       1.7911616       -6.3571091       -6.0200313       -4.8796968       -1.5586923       -0.7516320       -0.5772290       -0.4804817        0.0455757  
#    0.7794118   0.7205882   0.0000000
       1.8119589       -6.3643373       -6.0254582       -4.8582826       -1.5742677       -0.7484032       -0.5749677       -0.4679432        0.0446188  
#    0.7647059   0.7352941   0.0000000
       1.8327561       -6.3686738       -6.0287365       -4.8452887       -1.5837476       -0.7465092       -0.5735649       -0.4601881        0.0439605  
#    0.7500000   0.7500000   0.0000000
       1.8535534       -6.3701192       -6.0298329       -4.8409329       -1.5869304       -0.7458852       -0.5730896       -0.4575630        0.0437258  
#    0.7350000   0.7350000   0.0000000
       1.8747666       -6.3221496       -6.1492793       -4.8839184       -1.5185243       -0.7614930       -0.5700348       -0.4511973        0.1460023  
#    0.7200000   0.7200000   0.0000000
       1.8959798       -6.2719246       -6.2625484       -4.9247284       -1.4522659       -0.7779304       -0.5673988       -0.4461669        0.2471090  
#    0.7050000   0.7050000   0.0000000
       1.9171930       -6.3689679       -6.2194729       -4.9630836       -1.3885111       -0.7951795       -0.5652814       -0.4423779        0.3463585  
#    0.6900000   0.6900000   0.0000000
       1.9384062       -6.4679482       -6.1648153       -4.9987160       -1.3276470       -0.8132200       -0.5637846       -0.4397103        0.4430606  
#    0.6750000   0.6750000   0.0000000
       1.9596194       -6.5589808       -6.1079670       -5.0313673       -1.2700853       -0.8320291       -0.5630114       -0.4380267        0.5365234  
#    0.6600000   0.6600000   0.0000000
       1.9808326       -6.6416357       -6.0489399       -5.0607889       -1.2162523       -0.8515817       -0.5630645       -0.4371826        0.6260560  
#    0.6450000   0.6450000   0.0000000
       2.0020458       -6.7155559       -5.9877463       -5.0867442       -1.1665745       -0.8718496       -0.5640452       -0.4370370        0.7109736  
#    0.6300000   0.6300000   0.0000000
       2.0232590       -6.7804507       -5.9244019       -5.1090109       -1.1214610       -0.8928022       -0.5660529       -0.4374654        0.7906034  
#    0.6150000   0.6150000   0.0000000
       2.0444722       -6.8360868       -5.8589297       -5.1273854       -1.0812809       -0.9144055       -0.5691836       -0.4383744        0.8642924  
#    0.6000000   0.6000000   0.0000000
       2.0656854       -6.8822779       -5.7913636       -5.1416870       -1.0463391       -0.9366231       -0.5735298       -0.4397177        0.9314160  
#    0.5850000   0.5850000   0.0000000
       2.0868986       -6.9188749       -5.7217510       -5.1517619       -1.0168499       -0.9594155       -0.5791795       -0.4415118        0.9913866  
#    0.5700000   0.5700000   0.0000000
       2.1081118       -6.9457544       -5.6501556       -5.1574866       -0.9929155       -0.9827401       -0.5862165       -0.4438482        1.0436631  
#    0.5550000   0.5550000   0.0000000
       2.1293250       -6.9628096       -5.5766588       -5.1587710       -1.0065517       -0.9745116       -0.5947192       -0.4468971        1.0877594  
#    0.5400000   0.5400000   0.0000000
       2.1505382       -6.9699414       -5.5013598       -5.1555596       -1.0308024       -0.9614865       -0.6047611       -0.4509002        1.1232530  
#    0.5250000   0.5250000   0.0000000
       2.1717514       -6.9670525       -5.4243755       -5.1478316       -1.0554414       -0.9535736       -0.6164099       -0.4561506        1.1497919  
#    0.5100000   0.5100000   0.0000000
       2.1929646       -6.9540439       -5.3458385       -5.1355995       -1.0804157       -0.9504159       -0.6297269       -0.4629634        1.1671017  
#    0.4950000   0.4950000   0.0000000
       2.2141778       -6.9308140       -5.2658947       -5.1189059       -1.1056699       -0.9515974       -0.6447665       -0.4716416        1.1749897  
#    0.4800000   0.4800000   0.0000000
       2.2353911       -6.8972616       -5.1846998       -5.0978194       -1.1311461       -0.9566744       -0.6615749       -0.4824460        1.1733482  
#    0.4650000   0.4650000   0.0000000
       2.2566043       -6.8532919       -5.1024152       -5.0724284       -1.1567848       -0.9652025       -0.6801891       -0.4955707        1.1621569  
#    0.4500000   0.4500000   0.0000000
       2.2778175       -6.7988246       -5.0428352       -5.0192035       -1.1825246       -0.9767577       -0.7006352       -0.5111291        1.1414816  
#    0.4350000   0.4350000   0.0000000
       2.2990307       -6.7338063       -5.0091486       -4.9352245       -1.2083023       -0.9909493       -0.7229267       -0.5291491        1.1114729  
#    0.4200000   0.4200000   0.0000000
       2.3202439       -6.6582233       -4.9714769       -4.8506308       -1.2340536       -1.0074287       -0.7470633       -0.5495756        1.0723621  
#    0.4050000   0.4050000   0.0000000
       2.3414571       -6.5721160       -4.9299211       -4.7655643       -1.2597128       -1.0258930       -0.7730292       -0.5722796        1.0244558  
#    0.3900000   0.3900000   0.0000000
       2.3626703       -6.4755942       -4.8845687       -4.6801535       -1.2852133       -1.0460861       -0.8007920       -0.5970702        0.9681285  
#    0.3750000   0.3750000   0.0000000
       2.3838835       -6.3688508       -4.8354895       -4.5945116       -1.3104877       -1.0677970       -0.8303022       -0.6237105        0.9038141  
#    0.3600000   0.3600000   0.0000000
       2.4050967       -6.2521742       -4.7827319       -4.5087362       -1.3354682       -1.0908560       -0.8614933       -0.6519351        0.8319967  
#    0.3450000   0.3450000   0.0000000
       2.4263099       -6.1259581       -4.7263215       -4.4229097       -1.3600867       -1.1151284       -0.8942819       -0.6814687        0.7531992  
#    0.3300000   0.3300000   0.0000000
       2.4475231       -5.9907075       -4.6662624       -4.3371018       -1.3842749       -1.1405059       -0.9285698       -0.7120474        0.6679736  
#    0.3150000   0.3150000   0.0000000
       2.4687363       -5.8470414       -4.6025393       -4.2513726       -1.4079649       -1.1668948       -0.9642458       -0.7434382        0.5768892  
#    0.3000000   0.3000000   0.0000000
       2.4899495       -5.6956903       -4.5351231       -4.1657774       -1.4310892       -1.1942043       -1.0011877       -0.7754602        0.4805228  
#    0.2850000   0.2850000   0.0000000
       2.5111627       -5.5374899       -4.4639780       -4.0803727       -1.4535810       -1.2223336       -1.0392658       -0.8080016        0.3794492  
#    0.2700000   0.2700000   0.0000000
       2.5323759       -5.3733711       -4.3890706       -3.9952229       -1.4753745       -1.2511606       -1.0783448       -0.8410334        0.2742335  
#    0.2550000   0.2550000   0.0000000
       2.5535891       -5.2043468       -4.3103809       -3.9104085       -1.4964054       -1.2805343       -1.1182864       -0.8746162        0.1654254  
#    0.2400000   0.2400000   0.0000000
       2.5748023       -5.0314960       -4.2279151       -3.8260345       -1.5166106       -1.3102723       -1.1589500       -0.9088989        0.0535563  
#    0.2250000   0.2250000   0.0000000
       2.5960155       -4.8559486       -4.1417190       -3.7422394       -1.5359291       -1.3401623       -1.2001929       -0.9441087       -0.0608606  
#    0.2100000   0.2100000   0.0000000
       2.6172287       -4.6788703       -4.0518940       -3.6592052       -1.5543019       -1.3699692       -1.2418677       -0.9805325       -0.1773264  
#    0.1950000   0.1950000   0.0000000
       2.6384419       -4.5014512       -3.9586136       -3.5771668       -1.5716726       -1.3994453       -1.2838178       -1.0184892       -0.2953477  
#    0.1800000   0.1800000   0.0000000
       2.6596551       -4.3248998       -3.8621427       -3.4964231       -1.5879872       -1.4283438       -1.3258701       -1.0582948       -0.4144224  
#    0.1650000   0.1650000   0.0000000
       2.6808683       -4.1504435       -3.7628597       -3.4173477       -1.6031948       -1.4564333       -1.3678240       -1.1002176       -0.5340184  
#    0.1500000   0.1500000   0.0000000
       2.7020815       -3.9793414       -3.6612849       -3.3404009       -1.6172475       -1.4835156       -1.4094368       -1.1444241       -0.6535431  
#    0.1350000   0.1350000   0.0000000
       2.7232947       -3.8129095       -3.5581171       -3.2661430       -1.6301011       -1.5094466       -1.4504048       -1.1909091       -0.7722997  
#    0.1200000   0.1200000   0.0000000
       2.7445079       -3.6525656       -3.4542859       -3.1952486       -1.6417146       -1.5341640       -1.4903412       -1.2394041       -0.8894263  
#    0.1050000   0.1050000   0.0000000
       2.7657211       -3.4998998       -3.3510265       -3.1285211       -1.6520511       -1.5577247       -1.5287506       -1.2892551       -1.0038078  
#    0.0900000   0.0900000   0.0000000
       2.7869343       -3.3567777       -3.2499880       -3.0669054       -1.6610775       -1.5803474       -1.5650047       -1.3392644       -1.1139537  
#    0.0750000   0.0750000   0.0000000
       2.8081475       -3.2254848       -3.1533874       -3.0114925       -1.6687649       -1.6024286       -1.5983239       -1.3875233       -1.2178284  
#    0.0600000   0.0600000   0.0000000
       2.8293607       -3.1089057       -3.0642043       -2.9635055       -1.6750887       -1.6277778       -1.6244039       -1.4313672       -1.3126401  
#    0.0450000   0.0450000   0.0000000
       2.8505740       -3.0106897       -2.9863694       -2.9242526       -1.6800284       -1.6523194       -1.6461956       -1.4677593       -1.3946368  
#    0.0300000   0.0300000   0.0000000
       2.8717872       -2.9352554       -2.9247771       -2.8950294       -1.6835682       -1.6708700       -1.6662105       -1.4942896       -1.4590795  
#    0.0150000   0.0150000   0.0000000
       2.8930004       -2.8873416       -2.8847813       -2.8769678       -1.6856967       -1.6824606       -1.6809248       -1.5100380       -1.5007349  
#    0.0000000   0.0000000   0.0000000
       2.9142136       -2.8708531       -2.8708531       -2.8708531       -1.6864069       -1.6864069       -1.6864069       -1.5152076       -1.5152076  
#    0.0121951   0.0121951   0.0121951
       2.9353361       -2.8846372       -2.8820941       -2.8820941       -1.6841459       -1.6841459       -1.6809095       -1.5054294       -1.5054294  
#    0.0243902   0.0243902   0.0243902
       2.9564587       -2.9251468       -2.9146807       -2.9146807       -1.6780811       -1.6780811       -1.6651675       -1.4764874       -1.4764874  
#    0.0365854   0.0365854   0.0365854
       2.9775813       -2.9901766       -2.9656734       -2.9656734       -1.6695348       -1.6695348       -1.6411097       -1.4299231       -1.4299231  
#    0.0487805   0.0487805   0.0487805
       2.9987038       -3.0768647       -3.0313397       -3.0313397       -1.6593258       -1.6593258       -1.6111423       -1.3685296       -1.3685296  
#    0.0609756   0.0609756   0.0609756
       3.0198264       -3.1823192       -3.1080259       -3.1080259       -1.6476666       -1.6476666       -1.5775303       -1.2955883       -1.2955883  
#    0.0731707   0.0731707   0.0731707
       3.0409490       -3.3039455       -3.1925969       -3.1925969       -1.6345089       -1.6345089       -1.5420799       -1.2140943       -1.2140943  
#    0.0853659   0.0853659   0.0853659
       3.0620716       -3.4395232       -3.2825316       -3.2825316       -1.6197673       -1.6197673       -1.5060753       -1.1264477       -1.1264477  
#    0.0975610   0.0975610   0.0975610
       3.0831941       -3.5871571       -3.3758563       -3.3758563       -1.6033916       -1.6033916       -1.4703426       -1.0344607       -1.0344607  
#    0.1097561   0.1097561   0.1097561
       3.1043167       -3.7451928       -3.4710349       -3.4710349       -1.5853755       -1.5853755       -1.4353518       -0.9394719       -0.9394719  
#    0.1219512   0.1219512   0.1219512
       3.1254393       -3.9121387       -3.5668669       -3.5668669       -1.5657498       -1.5657498       -1.4013139       -0.8424685       -0.8424685  
#    0.1341463   0.1341463   0.1341463
       3.1465618       -4.0866077       -3.6624084       -3.6624084       -1.5445736       -1.5445736       -1.3682597       -0.7441867       -0.7441867  
#    0.1463415   0.1463415   0.1463415
       3.1676844       -4.2672778       -3.7569147       -3.7569147       -1.5219283       -1.5219283       -1.3361003       -0.6451871       -0.6451871  
#    0.1585366   0.1585366   0.1585366
       3.1888070       -4.4528696       -3.8497993       -3.8497993       -1.4979128       -1.4979128       -1.3046713       -0.5459101       -0.5459101  
#    0.1707317   0.1707317   0.1707317
       3.2099296       -4.6421354       -3.9406050       -3.9406050       -1.4726403       -1.4726403       -1.2737659       -0.4467153       -0.4467153  
#    0.1829268   0.1829268   0.1829268
       3.2310521       -4.8338558       -4.0289827       -4.0289827       -1.4462365       -1.4462365       -1.2431590       -0.3479105       -0.3479105  
#    0.1951220   0.1951220   0.1951220
       3.2521747       -5.0268429       -4.1146742       -4.1146742       -1.4188377       -1.4188377       -1.2126254       -0.2497724       -0.2497724  
#    0.2073171   0.2073171   0.2073171
       3.2732973       -5.2199448       -4.1974986       -4.1974986       -1.3905897       -1.3905897       -1.1819536       -0.1525613       -0.1525613  
#    0.2195122   0.2195122   0.2195122
       3.2944198       -5.4120535       -4.2773397       -4.2773397       -1.3616463       -1.3616463       -1.1509565       -0.0565315       -0.0565315  
#    0.2317073   0.2317073   0.2317073
       3.3155424       -5.6021116       -4.3541345       -4.3541345       -1.3321686       -1.3321686       -1.1194800        0.0380620        0.0380620  
#    0.2439024   0.2439024   0.2439024
       3.3366650       -5.7891198       -4.4278616       -4.4278616       -1.3023236       -1.3023236       -1.0874088        0.1309594        0.1309594  
#    0.2560976   0.2560976   0.2560976
       3.3577875       -5.9721427       -4.4985305       -4.4985305       -1.2722836       -1.2722836       -1.0546722        0.2218942        0.2218942  
#    0.2682927   0.2682927   0.2682927
       3.3789101       -6.1503137       -4.5661709       -4.5661709       -1.2422242       -1.2422242       -1.0212475        0.3105929        0.3105929  
#    0.2804878   0.2804878   0.2804878
       3.4000327       -6.3228377       -4.6308229       -4.6308229       -1.2123242       -1.2123242       -0.9871622        0.3967766        0.3967766  
#    0.2926829   0.2926829   0.2926829
       3.4211553       -6.4889935       -4.6925272       -4.6925272       -1.1827633       -1.1827633       -0.9524955        0.4801633        0.4801633  
#    0.3048780   0.3048780   0.3048780
       3.4422778       -6.6481335       -4.7513177       -4.7513177       -1.1537215       -1.1537215       -0.9173775        0.5604702        0.5604702  
#    0.3170732   0.3170732   0.3170732
       3.4634004       -6.7996825       -4.8072139       -4.8072139       -1.1253776       -1.1253776       -0.8819887        0.6374179        0.6374179  
#    0.3292683   0.3292683   0.3292683
       3.4845230       -6.9431352       -4.8602157       -4.8602157       -1.0979074       -1.0979074       -0.8465561        0.7107336        0.7107336  
#    0.3414634   0.3414634   0.3414634
       3.5056455       -7.0780529       -4.9102998       -4.9102998       -1.0714831       -1.0714831       -0.8113496        0.7801541        0.7801541  
#    0.3536585   0.3536585   0.3536585
       3.5267681       -7.2040589       -4.9574174       -4.9574174       -1.0462713       -1.0462713       -0.7766763        0.8454295        0.8454295  
#    0.3658537   0.3658537   0.3658537
       3.5478907       -7.3208335       -5.0014941       -5.0014941       -1.0224317       -1.0224317       -0.7428738        0.9063256        0.9063256  
#    0.3780488   0.3780488   0.3780488
       3.5690133       -7.4281091       -5.0424311       -5.0424311       -1.0001165       -1.0001165       -0.7103024        0.9626261        0.9626261  
#    0.3902439   0.3902439   0.3902439
       3.5901358       -7.5256642       -5.0801084       -5.0801084       -0.9794683       -0.9794683       -0.6793362        1.0141338        1.0141338  
#    0.4024390   0.4024390   0.4024390
       3.6112584       -7.6133180       -5.1143891       -5.1143891       -0.9606196       -0.9606196       -0.6503540        1.0606722        1.0606722  
#    0.4146341   0.4146341   0.4146341
       3.6323810       -7.6909253       -5.1451249       -5.1451249       -0.9436917       -0.9436917       -0.6237296        1.1020853        1.1020853  
#    0.4268293   0.4268293   0.4268293
       3.6535035       -7.7583709       -5.1721624       -5.1721624       -0.9287934       -0.9287934       -0.5998213        1.1382381        1.1382381  
#    0.4390244   0.4390244   0.4390244
       3.6746261       -7.8155653       -5.1953501       -5.1953501       -0.9160209       -0.9160209       -0.5789633        1.1690156        1.1690156  
#    0.4512195   0.4512195   0.4512195
       3.6957487       -7.8624402       -5.2145449       -5.2145449       -0.9054564       -0.9054564       -0.5614556        1.1943228        1.1943228  
#    0.4634146   0.4634146   0.4634146
       3.7168713       -7.8989449       -5.2296195       -5.2296195       -0.8971681       -0.8971681       -0.5475561        1.2140833        1.2140833  
#    0.4756098   0.4756098   0.4756098
       3.7379938       -7.9250434       -5.2404675       -5.2404675       -0.8912094       -0.8912094       -0.5374736        1.2282388        1.2282388  
#    0.4878049   0.4878049   0.4878049
       3.7591164       -7.9407117       -5.2470094       -5.2470094       -0.8876188       -0.8876188       -0.5313615        1.2367483        1.2367483  
#    0.5000000   0.5000000   0.5000000
       3.7802390       -7.9459359       -5.2491956       -5.2491956       -0.8864194       -0.8864194       -0.5293136        1.2395875        1.2395875  
#    0.5151515   0.5000000   0.4848485
       3.8016664       -7.9430902       -5.2507018       -5.2486380       -0.8874728       -0.8863018       -0.5298678        1.2332899        1.2376055  
#    0.5303030   0.5000000   0.4696970
       3.8230939       -7.9345643       -5.2552081       -5.2469759       -0.8906172       -0.8859612       -0.5315175        1.2145489        1.2316595  
#    0.5454545   0.5000000   0.4545455
       3.8445214       -7.9203921       -5.2626772       -5.2442415       -0.8958048       -0.8854343       -0.5342238        1.1838128        1.2217515  
#    0.5606061   0.5000000   0.4393939
       3.8659489       -7.9006293       -5.2730470       -5.2404888       -0.9029551       -0.8847823       -0.5379213        1.1418038        1.2078859  
#    0.5757576   0.5000000   0.4242424
       3.8873764       -7.8753527       -5.2862308       -5.2357941       -0.9119549       -0.8840915       -0.5425163        1.0894820        1.1900730  
#    0.5909091   0.5000000   0.4090909
       3.9088038       -7.8446595       -5.3021179       -5.2302569       -0.9226570       -0.8834737       -0.5478862        1.0279993        1.1683323  
#    0.6060606   0.5000000   0.3939394
       3.9302313       -7.8086660       -5.3205736       -5.2240007       -0.9348803       -0.8830650       -0.5538782        0.9586445        1.1426969  
#    0.6212121   0.5000000   0.3787879
       3.9516588       -7.7675061       -5.3414409       -5.2171740       -0.9484094       -0.8830244       -0.5603100        0.8827852        1.1132181  
#    0.6363636   0.5000000   0.3636364
       3.9730863       -7.7213308       -5.3645412       -5.2099509       -0.9629959       -0.8835291       -0.5669721        0.8018086        1.0799703  
#    0.6515152   0.5000000   0.3484848
       3.9945137       -7.6703067       -5.3896766       -5.2025326       -0.9783608       -0.8847669       -0.5736346        0.7170668        1.0430566  
#    0.6666667   0.5000000   0.3333333
       4.0159412       -7.6146158       -5.4166322       -5.1951475       -0.9941979       -0.8869237       -0.5800571        0.6298286        1.0026135  
#    0.6818182   0.5000000   0.3181818
       4.0373687       -7.5544548       -5.4451794       -5.1880519       -1.0101800       -0.8901663       -0.5860052        0.5412422        0.9588153  
#    0.6969697   0.5000000   0.3030303
       4.0587962       -7.4900356       -5.4750787       -5.1815297       -1.0259662       -0.8946215       -0.5912701        0.4523086        0.9118782  
#    0.7121212   0.5000000   0.2878788
       4.0802237       -7.4215855       -5.5060834       -5.1758913       -1.0412110       -0.9003546       -0.5956898        0.3638691        0.8620642  
#    0.7272727   0.5000000   0.2727273
       4.1016511       -7.3493491       -5.5379427       -5.1714723       -1.0555740       -0.9073520       -0.5991666        0.2766034        0.8096834  
#    0.7424242   0.5000000   0.2575758
       4.1230786       -7.2735895       -5.5704041       -5.1686307       -1.0687304       -0.9155125       -0.6016772        0.1910399        0.7550963  
#    0.7575758   0.5000000   0.2424242
       4.1445061       -7.1945911       -5.6032147       -5.1677423       -1.0803797       -0.9246497       -0.6032727        0.1075731        0.6987149  
#    0.7727273   0.5000000   0.2272727
       4.1659336       -7.1126624       -5.6361220       -5.1691956       -1.0902543       -0.9345047       -0.6040692        0.0264875        0.6410036  
#    0.7878788   0.5000000   0.2121212
       4.1873611       -7.0281395       -5.6688724       -5.1733839       -1.0981249       -0.9447672       -0.6042321       -0.0520167        0.5824785  
#    0.8030303   0.5000000   0.1969697
       4.2087885       -6.9413907       -5.7012093       -5.1806961       -1.1038040       -0.9550981       -0.6039591       -0.1277966        0.5237067  
#    0.8181818   0.5000000   0.1818182
       4.2302160       -6.8528212       -5.7328709       -5.1915045       -1.1071478       -0.9651543       -0.6034625       -0.2007422        0.4653033  
#    0.8333333   0.5000000   0.1666667
       4.2516435       -6.7628793       -5.7635870       -5.2061502       -1.1080564       -0.9746107       -0.6029545       -0.2707539        0.4079275  
#    0.8484848   0.5000000   0.1515152
       4.2730710       -6.6720646       -5.7930776       -5.2249250       -1.1064743       -0.9831802       -0.6026339       -0.3377236        0.3522762  
#    0.8636364   0.5000000   0.1363636
       4.2944984       -6.5809393       -5.8210518       -5.2480483       -1.1023924       -0.9906319       -0.6026718       -0.4015177        0.2990744  
#    0.8787879   0.5000000   0.1212121
       4.3159259       -6.4901460       -5.8472097       -5.2756366       -1.0958543       -0.9968075       -0.6031971       -0.4619601        0.2490604  
#    0.8939394   0.5000000   0.1060606
       4.3373534       -6.4004374       -5.8712455       -5.3076613       -1.0869708       -1.0016342       -0.6042800       -0.5188118        0.2029676  
#    0.9090909   0.5000000   0.0909091
       4.3587809       -6.3127295       -5.8928543       -5.3438811       -1.0759479       -1.0051336       -0.6059135       -0.5717401        0.1615000  
#    0.9242424   0.5000000   0.0757576
       4.3802084       -6.2282033       -5.9117399       -5.3837287       -1.0631390       -1.0074233       -0.6202677       -0.6080001        0.1253051  
#    0.9393939   0.5000000   0.0606061
       4.4016358       -6.1485052       -5.9276252       -5.4260975       -1.0491367       -1.0087081       -0.6636842       -0.6103459        0.0949472  
#    0.9545455   0.5000000   0.0454545
       4.4230633       -6.0761497       -5.9402631       -5.4689295       -1.0349207       -1.0092570       -0.7009028       -0.6126744        0.0708869  
#    0.9696970   0.5000000   0.0303030
       4.4444908       -6.0152771       -5.9494472       -5.5084482       -1.0220486       -1.0093650       -0.7302753       -0.6146638        0.0534705  
#    0.9848485   0.5000000   0.0151515
       4.4659183       -5.9726397       -5.9550222       -5.5381660       -1.0127223       -1.0093017       -0.7495308       -0.6160073        0.0429325  
#    1.0000000   0.5000000   0.0000000
       4.4873457       -5.9568914       -5.9568914       -5.5495897       -1.0092577       -1.0092577       -0.7563100       -0.6164823        0.0394056  
#    1.0000000   0.4852941   0.0147059
       4.5081430       -6.0032005       -5.9168004       -5.5410788       -1.0463339       -0.9756916       -0.7533052       -0.6162532        0.0397274  
#    1.0000000   0.4705882   0.0294118
       4.5289403       -6.0469724       -5.8935414       -5.5140349       -1.0874958       -0.9443414       -0.7447763       -0.6155453        0.0405954  
#    1.0000000   0.4558824   0.0441176
       4.5497375       -6.0881398       -5.8862343       -5.4699463       -1.1315691       -0.9153010       -0.7314983       -0.6143298        0.0418526  
#    1.0000000   0.4411765   0.0588235
       4.5705348       -6.1266422       -5.8904302       -5.4138841       -1.1774815       -0.8886520       -0.7142184       -0.6125842        0.0433338  
#    1.0000000   0.4264706   0.0735294
       4.5913320       -6.1624271       -5.9014652       -5.3511463       -1.2242808       -0.8644596       -0.6936404       -0.6102967        0.0448752  
#    1.0000000   0.4117647   0.0882353
       4.6121293       -6.1954496       -5.9160291       -5.2856858       -1.2711087       -0.8427647       -0.6704515       -0.6074743        0.0463224  
#    1.0000000   0.3970588   0.1029412
       4.6329266       -6.2256725       -5.9320605       -5.2202110       -1.3171710       -0.8235756       -0.6453492       -0.6041512        0.0475387  
#    1.0000000   0.3823529   0.1176471
       4.6537238       -6.2530660       -5.9482989       -5.1566309       -1.3617153       -0.8068599       -0.6190587       -0.6003973        0.0484134  
#    1.0000000   0.3676471   0.1323529
       4.6745211       -6.2776072       -5.9639524       -5.0963812       -1.4040189       -0.7925391       -0.5963235       -0.5923392        0.0488708  
#    1.0000000   0.3529412   0.1470588
       4.6953183       -6.2992794       -5.9785033       -5.0406127       -1.4433841       -0.7804904       -0.5920810       -0.5659828        0.0488784  
#    1.0000000   0.3382353   0.1617647
       4.7161156       -6.3180711       -5.9915997       -4.9902899       -1.4791410       -0.7705548       -0.5878526       -0.5408053        0.0484543  
#    1.0000000   0.3235294   0.1764706
       4.7369128       -6.3339753       -6.0029952       -4.9462408       -1.5106559       -0.7625527       -0.5838380       -0.5176308        0.0476714  
#    1.0000000   0.3088235   0.1911765
       4.7577101       -6.3469884       -6.0125143       -4.9091768       -1.5373451       -0.7563013       -0.5802362       -0.4972687        0.0466559  
#    1.0000000   0.2941176   0.2058824
       4.7785074       -6.3571091       -6.0200313       -4.8796968       -1.5586923       -0.7516320       -0.5772290       -0.4804817        0.0455757  
#    1.0000000   0.2794118   0.2205882
       4.7993046       -6.3643373       -6.0254582       -4.8582826       -1.5742677       -0.7484032       -0.5749677       -0.4679432        0.0446188  
#    1.0000000   0.2647059   0.2352941
       4.8201019       -6.3686738       -6.0287365       -4.8452887       -1.5837476       -0.7465092       -0.5735649       -0.4601881        0.0439605  
#    1.0000000   0.2500000   0.2500000
       4.8408991       -6.3701192       -6.0298329       -4.8409329       -1.5869304       -0.7458852       -0.5730896       -0.4575630        0.0437258  
#    1.0000000   0.2352941   0.2352941
       4.8616964       -6.4149224       -5.9074592       -4.7969620       -1.6557697       -0.7314042       -0.5763978       -0.4651572       -0.0570190  
#    1.0000000   0.2205882   0.2205882
       4.8824937       -6.4574774       -5.7806604       -4.7514790       -1.7260921       -0.7177490       -0.5799284       -0.4741072       -0.1575799  
#    1.0000000   0.2058824   0.2058824
       4.9032909       -6.4977317       -5.6502983       -4.7048065       -1.7976526       -0.7049313       -0.5835990       -0.4843818       -0.2573011  
#    1.0000000   0.1911765   0.1911765
       4.9240882       -6.5356254       -5.5173107       -4.6573007       -1.8702236       -0.6929611       -0.5873325       -0.4958978       -0.3555130  
#    1.0000000   0.1764706   0.1764706
       4.9448854       -6.5710927       -5.3827141       -4.6093613       -1.9435806       -0.6818475       -0.5910576       -0.5085159       -0.4515243  
#    1.0000000   0.1617647   0.1617647
       4.9656827       -6.6040637       -5.2476129       -4.5614407       -2.0174802       -0.6715981       -0.5947091       -0.5446139       -0.5220390  
#    1.0000000   0.1470588   0.1470588
       4.9864799       -6.6344663       -5.1132131       -4.5140526       -2.0916295       -0.6622197       -0.6340230       -0.5982278       -0.5362127  
#    1.0000000   0.1323529   0.1323529
       5.0072772       -6.6622284       -4.9808472       -4.4677781       -2.1656430       -0.7189491       -0.6537182       -0.6015610       -0.5507302  
#    1.0000000   0.1176471   0.1176471
       5.0280745       -6.6872796       -4.8520101       -4.4232692       -2.2389862       -0.7985431       -0.6460987       -0.6046617       -0.5652400  
#    1.0000000   0.1029412   0.1029412
       5.0488717       -6.7095534       -4.7284105       -4.3812452       -2.3109011       -0.8719124       -0.6393657       -0.6074892       -0.5793570  
#    1.0000000   0.0882353   0.0882353
       5.0696690       -6.7289885       -4.6120376       -4.3424819       -2.3803161       -0.9381312       -0.6335230       -0.6100080       -0.5926779  
#    1.0000000   0.0735294   0.0735294
       5.0904662       -6.7455298       -4.5052388       -4.3077911       -2.4457438       -0.9962607       -0.6285738       -0.6121883       -0.6047979  
#    1.0000000   0.0588235   0.0588235
       5.1112635       -6.7591298       -4.4107835       -4.2779875       -2.5051926       -1.0453804       -0.6245208       -0.6153304       -0.6140052  
#    1.0000000   0.0441176   0.0441176
       5.1320608       -6.7697490       -4.3318646       -4.2538467       -2.5561426       -1.0846305       -0.6239259       -0.6213662       -0.6154386  
#    1.0000000   0.0294118   0.0294118
       5.1528580       -6.7773565       -4.2719407       -4.2360526       -2.5956820       -1.1132623       -0.6302906       -0.6191118       -0.6164733  
#    1.0000000   0.0147059   0.0147059
       5.1736553       -6.7819299       -4.2343186       -4.2251446       -2.6209081       -1.1306909       -0.6342020       -0.6177586       -0.6170984  
#    1.0000000   0.0000000   0.0000000
       5.1944525       -6.7834559       -4.2214688       -4.2214688       -2.6295980       -1.1365432       -0.6355215       -0.6173075       -0.6173075  
